1762745644,0000008000000002,2351500769,778,8
1762745647,0000008000000080,2375649574,4527,9
1762745651,0000000800000004,2418351273,1952,10
1762745655,0000008000000008,2463107787,4461,11
1762745659,0000008000000080,2496774853,2421,12
1762745667,0000000400000002,2581265745,2532,13
1762745667,0000000400000004,2582157970,2479,14
1762745671,0000008000000080,2617771750,346,15
1762745691,0000008000000080,2822753370,3593,16
1762745715,0000008000000080,3056371447,5122,17
1762745715,0000008000000080,3062667278,4750,18
1762745718,0000004000000080,3085900662,3343,19
1762745744,0000000800000002,3348320005,3136,20
1762745759,0000000800000001,3496904483,4600,21
1762745759,0000008000000080,3501991269,4295,22
1762745769,0000000800000080,3596682313,3788,23
1762745780,0000000400000080,3709148811,2214,24
1762745789,0000000100000001,3797063746,2122,25
1762745797,0000000800000002,3880229280,2309,26
1762745837,0000008000000004,4283582524,4024,27
1762745844,0000000100000004,4345818161,279,28
1762745845,0000000100000001,4361085885,4557,29
1762745859,0000000100000001,4503105026,1199,30
1762745872,0000004000000002,4625651746,4225,31
1762745879,0000000100000001,4702880955,4771,32
1762745895,0000008000000002,4859924630,1035,33
1762745899,0000000800000008,4903371140,3087,34
1762745906,0000004000000004,4969891592,4295,35
1762745909,000000c000000080,5000815853,2421,36
1762745910,0000004000000002,5014372613,1613,37
1762745947,000000c000000080,5383350207,196,38
1762745959,0000004000000001,5497782502,3697,39
1762745967,0000008000000008,5576707720,4149,40
1762745980,0000000100000004,5711222844,1242,41
1762745992,0000008000000001,5832766245,4329,42
1762746026,0000000100000080,6166639232,5014,43
1762746031,000000c000000080,6214564919,2132,44
1762746050,0000000400000008,6407424943,916,45
1762746050,0000004000000001,6412273481,629,46
1762746051,0000000400000008,6420745278,5308,47
1762746055,0000000100000003,6462516144,2789,48
1762746061,0000000400000008,6515896563,4786,49
1762746107,0000000400000004,6982923387,2649,50
1762746112,0000000100000001,7027855508,5147,51
1762746113,0000004000000008,7043385064,4222,52
1762746137,0000000100000002,7277302050,534,53
1762746147,0000000100000001,7374996221,5043,54
1762746165,0000008000000080,7557298197,4472,55
1762746165,0000000400000001,7559419156,4344,56
1762746173,0000004000000080,7635035645,4983,57
1762746177,0000008000000080,7684017877,2038,58
1762746181,0000000100000001,7722434069,4921,59
1762746199,0000008000000008,7903756490,4406,60
1762746216,0000000800000002,8072812671,4625,61
1762746218,0000004000000003,8088569206,3671,62
1762746230,0000000400000001,8214454739,1290,63
1762746232,0000000100000002,8229399478,397,64
1762746284,0000000100000008,8746198954,473,65
1762746290,0000000400000008,8808714874,1905,66
1762746320,0000008000000001,9112589373,4407,67
1762746349,0000008000000008,9401642681,2585,68
1762746371,0000000100000001,9617747674,5175,69
1762746379,0000000100000004,9703989952,5180,70
1762746389,0000000400000001,9801153955,4539,71
1762746409,0000000100000001,9996937061,3134,72
1762746411,0000008000000008,10017152330,1929,73
1762746453,0000008000000004,10442572501,2302,74
1762746454,0000000800000001,10451271170,1785,75
1762746467,0000004000000001,10578193861,4541,76
1762746468,0000000400000080,10592363229,3682,77
1762746475,0000000400000008,10659720811,4826,78
1762746479,0000004000000080,10698995016,2456,79
1762746484,0000000800000002,10744753430,4904,80
1762746491,0000000800000008,10815398002,656,81
1762746493,0000000800000001,10836241714,4599,82
1762746500,0000008000000080,10911190362,5275,83
1762746501,0000000400000002,10915684242,5007,84
1762746514,0000000100000001,11046968909,2302,85
1762746515,0000008000000002,11063162105,1329,86
1762746523,0000000800000004,11142210403,1773,87
1762746527,0000000100000080,11176184124,4921,88
1762746534,0000000400000001,11249230069,530,89
1762746534,0000000200000004,11249418602,520,90
1762746540,0000000100000001,11308472009,2156,91
1762746544,0000004000000080,11344819510,5162,92
1762746548,0000000400000002,11387404924,2594,93
1762746558,0000008000000004,11486556807,1836,94
1762746558,0000004000000004,11489957452,1630,95
1762746566,0000000100000001,11571630029,1911,96
1762746570,0000008000000001,11612618545,4641,97
1762746574,0000004000000002,11651788296,2279,98
1762746577,0000000100000004,11676761948,779,99
1762746587,0000008000000080,11779133379,5007,100
1762746608,0000000100000080,11986646854,2905,101
1762746622,000000c000000080,12132697988,4523,102
1762746633,0000008000000080,12238260808,3355,103
1762746633,0000008000000004,12240975430,3189,104
1762746640,0000000800000004,12308574696,4331,105
1762746642,0000000800000001,12332305198,2888,106
1762746648,0000000100000001,12392699647,4466,107
1762746650,0000000100000008,12410077580,3410,108
1762746658,0000008000000088,12491019373,3740,109
1762746671,0000008000000080,12623611552,954,110
1762746687,0000000800000001,12778315283,2041,111
1762746729,0000000100000001,13200574786,2599,112
1762746751,0000000100000001,13420206127,4977,113
1762746764,0000000800000001,13545781650,2609,114
1762746780,0000000100000001,13712179528,2987,115
1762746791,0000004000000080,13816422696,1921,116
1762746799,0000004000000080,13898070615,2202,117
1762746801,0000000400000004,13924091028,639,118
1762746808,0000008000000004,13990145502,1861,119
1762746823,0000000400000080,14138006150,3346,120
1762746826,0000000800000002,14165869753,1676,121
1762746828,0000000400000004,14186976371,409,122
1762746839,0000004800000009,14298766125,4073,123
1762746848,0000000100000080,14387860514,3906,124
1762746850,0000000100000001,14407371227,2719,125
1762746856,0000000100000001,14469696417,4179,126
1762746858,0000000400000080,14488860496,3012,127
1762746877,0000008000000080,14680454038,1886,128
1762746882,0000000100000080,14733448313,3893,129
1762746904,0000004000000001,14952207439,1117,130
1762746915,0000000100000004,15057460891,5173,131
1762746918,0000000400000008,15089812962,3222,132
1762746928,0000000800000001,15185317760,2669,133
1762746929,0000000400000002,15194709363,2114,134
1762746936,0000004000000002,15265361320,3049,135
1762746937,0000008000000008,15277840705,2304,136
1762746968,0000000800000004,15594164711,4059,137
1762746972,0000000400000001,15628628484,1984,138
1762746977,0000008000000002,15680827229,4040,139
1762746983,0000000100000003,15740800609,431,140
1762746984,0000004000000008,15750415067,5043,141
1762746994,0000008000000004,15849187985,4302,142
1762746996,0000000100000080,15866786100,3230,143
1762746996,0000000100000001,15868975446,3097,144
1762746997,0000000400000004,15875018911,2731,145
1762747009,0000000100000001,15999020021,481,146
1762747017,0000008000000080,16082979885,623,147
1762747018,0000000100000005,16093459669,5181,148
1762747027,0000008000000002,16183812814,4943,149
1762747049,0000008000000002,16395451982,2592,150
1762747064,0000000200000080,16549166022,3741,151
1762747081,0000004000000008,16722870199,3680,152
1762747099,0000000100000008,16902927852,3228,153
1762747119,0000004000000002,17102372856,1628,154
1762747123,0000000600000080,17135407165,4837,155
1762747161,0000000100000001,17518355900,2566,156
1762747168,0000004000000002,17584505271,3790,157
1762747173,0000000800000001,17640331103,434,158
1762747199,0000008000000080,17895273345,677,159
1762747210,0000000800000008,18007576163,4315,160
1762747218,0000008000000008,18084882853,4855,161
1762747222,0000000400000001,18130329342,2119,162
1762747232,0000008000000002,18228797339,1387,163
1762747239,0000004000000080,18295318404,2574,164
1762747253,0000000100000003,18441680537,4171,165
1762747257,0000000800000001,18476206299,2089,166
1762747257,0000000400000002,18478316505,1963,167
1762747260,0000000100000001,18507453856,213,168
1762747263,0000000100000080,18537208500,3612,169
1762747271,0000008000000080,18617168057,4001,170
1762747283,0000008000000080,18744234631,1548,171
1762747299,0000000100000001,18894485682,2881,172
1762747299,0000004000000004,18903186106,2369,173
1762747335,0000004000000004,19258615287,1771,174
1762747338,0000000400000008,19292562408,4923,175
1762747340,0000004400000001,19308674890,3955,176
1762747364,0000000100000001,19549960604,5019,177
1762747368,0000000800000080,19587600140,2745,178
1762747372,0000000100000004,19628746524,284,179
1762747395,0000000100000080,19857025832,2131,180
1762747395,0000004000000004,19860175620,1943,181
1762747396,0000004800000004,19871629179,1248,182
1762747400,0000008000000002,19909250993,4188,183
1762747423,0000000100000008,20135873730,937,184
1762747432,0000004000000080,20231577403,379,185
1762747439,0000004000000008,20298067115,1570,186
1762747446,0000000100000002,20372545179,2281,187
1762747449,0000008000000080,20396080221,866,188
1762747467,0000004000000004,20578930102,260,189
1762747476,0000000100000001,20668480145,5254,190
1762747486,0000008000000080,20766826270,4542,191
1762747490,0000000900000001,20805732582,2194,192
1762747506,0000000800000004,20971103120,2626,193
1762747507,0000008000000080,20979039278,2157,194
1762747509,0000000400000008,21000525986,864,195
1762747541,0000008000000080,21320489110,2389,196
1762747542,0000008000000001,21326419979,2038,197
1762747563,0000000400000008,21541905541,4662,198
1762747578,0000008000000008,21687872189,1067,199
1762747580,0000000100000080,21712887474,4763,200
1762747585,0000008000000008,21756149294,2156,201
1762747585,0000000400000002,21760821001,1879,202
1762747592,0000000400000008,21828072066,3014,203
1762747620,0000000100000080,22112037903,1523,204
1762747622,0000004000000008,22132270601,312,205
1762747641,0000000100000001,22320885581,4549,206
1762747643,0000004000000002,22339699959,3407,207
1762747676,0000000400000001,22665787455,4579,208
1762747684,0000000400000002,22749165203,4755,209
1762747686,0000000800000001,22768534900,3584,210
1762747698,0000000800000008,22887697891,1612,211
1762747723,0000004000000004,23141209209,1946,212
1762747727,0000000400000002,23179642137,4828,213
1762747735,0000000800000002,23261167095,5113,214
1762747737,0000004000000002,23278607999,4070,215
1762747749,0000000400000080,23398591493,2043,216
1762747750,0000008000000080,23409697551,1371,217
1762747753,0000000100000008,23437323034,4907,218
1762747800,0000000200000001,23913820655,2212,219
1762747813,0000000400000001,24038027271,5126,220
1762747826,0000004000000004,24168940746,2441,221
1762747856,0000000100000003,24473102271,4928,222
1762747858,0000008000000008,24490935952,3856,223
1762747864,0000000d00000004,24552085836,181,224
1762747870,0000008000000080,24604793436,2199,225
1762747871,0000000100000008,24622230997,1147,226
1762747881,0000000100000008,24722825518,298,227
1762747913,0000008000000080,25042691190,1829,228
1762747916,0000000100000001,25069238271,235,229
1762747922,0000000200000008,25125933797,2017,230
1762747928,0000000800000002,25190331071,3328,231
1762747930,0000004000000004,25204852862,2455,232
1762747942,0000000100000003,25331988979,5199,233
1762747971,0000000100000001,25623277923,3254,234
1762747977,0000004000000004,25679652288,5062,235
1762747996,0000000400000002,25867557034,4154,236
1762748002,0000000100000004,25933628932,178,237
1762748004,0000000100000002,25949900824,4396,238
1762748012,0000004000000080,26025466512,5037,239
1762748038,0000008000000002,26293579031,4499,240
1762748043,0000004000000004,26338345950,1793,241
1762748056,0000004000000004,26473082232,4087,242
1762748073,0000000800000008,26636945620,4617,243
1762748075,0000000100000008,26658781060,3293,244
1762748076,0000000100000008,26672474922,2467,245
1762748077,0000000100000001,26679948875,2025,246
1762748098,0000000100000001,26888788806,5045,247
1762748142,0000000100000002,27325586684,4744,248
1762748147,0000008000000004,27375055838,1765,249
1762748161,0000000100000008,27515557883,3700,250
1762748181,0000008000000002,27722653034,1629,251
1762748185,0000000100000008,27755213691,4867,252
1762748193,0000004000000080,27841853850,4849,253
1762748201,0000008000000080,27917482348,301,254
1762748202,0000000800000002,27924904275,5043,255
1762748204,0000000100000080,27953022376,3347,256
1762748205,0000000200000001,27961983087,2804,257
1762748209,0000000400000080,27995950041,771,258
1762748229,0000000100000001,28197784453,4218,259
1762748239,0000004000000002,28294574042,3581,260
1762748253,0000004000000001,28443407125,5018,261
1762748283,0000000100000008,28738262977,2854,262
1762748285,0000008000000008,28761601175,1458,263
1762748296,0000008000000002,28869879785,5331,264
1762748300,0000000400000008,28905900673,3160,265
1762748305,0000000100000008,28956970397,5286,266
1762748314,0000000400000002,29053895097,4660,267
1762748317,0000008000000002,29077273688,3240,268
1762748323,0000000400000001,29137023305,4849,269
1762748333,0000000800000004,29238879396,3916,270
1762748334,0000004000000008,29247674775,3379,271
1762748335,0000000400000004,29259825861,2643,272
1762748335,0000008000000080,29263838817,2406,273
1762748340,0000000400000004,29307540846,4977,274
1762748374,0000000100000008,29650694189,5107,275
1762748381,0000000900000001,29720139800,930,276
1762748388,0000000800000002,29786184861,2153,277
1762748394,0000000100000001,29851589971,3409,278
1762748397,0000004000000002,29879241266,1752,279
1762748414,0000008000000001,30053134956,1679,280
1762748416,0000004000000080,30068201612,771,281
1762748427,0000008000000080,30176710281,4638,282
1762748444,0000000100000001,30347293948,4762,283
1762748453,0000000800000002,30441170677,4311,284
1762748454,0000000100000001,30447876823,3905,285
1762748472,0000000400000080,30633204541,3133,286
1762748481,0000000100000003,30717539775,3257,287
1762748487,0000004000000001,30783270025,4509,288
1762748509,0000000100000008,31000899054,1801,289
1762748515,0000008000000080,31058945592,3498,290
1762748529,0000000100000002,31199180073,263,291
1762748538,0000000200000008,31287309565,162,292
1762748540,0000008000000004,31313765943,3756,293
1762748561,0000000800000004,31518138060,1851,294
1762748564,0000000100000008,31548612216,5206,295
1762748575,0000008000000002,31655248753,3992,296
1762748611,0000008000000080,32022018441,2693,297
1762748611,0000000800000080,32023615748,2596,298
1762748617,0000000c00000002,32080053025,4411,299
1762748624,0000000100000001,32151448031,5302,300
1762748635,0000000800000003,32263277873,3772,301
1762748649,0000008000000080,32394190614,1087,302
1762748667,0000000800000001,32582190545,173,303
1762748668,0000000400000002,32585994706,5133,304
1762748670,0000000400000004,32613859498,3454,305
1762748692,0000000800000080,32825203936,1128,306
1762748693,0000000400000080,32835937194,491,307
1762748698,0000000800000004,32891160891,2354,308
1762748703,0000000400000008,32939221516,4667,309
1762748710,0000000400000008,33005554660,673,310
1762748725,0000000800000004,33155386787,2047,311
1762748727,0000000400000008,33175879391,814,312
1762748749,0000000100000002,33398952493,2967,313
1762748758,0000008000000080,33489178415,2732,314
1762748771,0000004000000080,33623319792,5061,315
1762748777,0000008000000080,33677050801,1832,316
1762748802,0000008000000080,33928614091,2276,317
1762748803,0000000800000001,33941793137,1485,318
1762748811,0000000200000004,34022089943,1852,319
1762748822,0000008000000080,34130773509,510,320
1762748832,0000004000000008,34227025881,5102,321
1762748836,0000000100000001,34272733722,2350,322
1762748867,0000008000000002,34582482654,4505,323
1762748870,0000000400000008,34606834847,3023,324
1762748888,0000000400000008,34793351359,2199,325
1762748892,0000000800000002,34832503511,5040,326
1762748899,0000000400000008,34900262433,963,327
1762748913,0000000400000004,35042783023,2769,328
1762748934,0000000100000001,35246519999,909,329
1762748941,0000000800000001,35320569373,1651,330
1762748948,0000000100000008,35388095058,2772,331
1762748966,0000000100000004,35571935160,2112,332
1762748970,0000000800000001,35609696597,5033,333
1762748974,0000004000000004,35650051721,2597,334
1762748982,0000008000000080,35730794798,2934,335
1762749012,0000000100000008,36026187901,756,336
1762749014,0000000100000004,36047923696,4648,337
1762749021,0000000100000001,36122842623,5327,338
1762749034,0000008000000001,36249126749,2917,339
1762749044,0000000800000004,36352361150,1913,340
1762749053,0000004000000001,36442777847,1666,341
1762749075,0000004000000004,36654273782,4532,342
1762749090,0000000100000008,36805688510,612,343
1762749102,0000008000000080,36930290992,3499,344
1762749112,0000000300000001,37030987786,2631,345
1762749117,0000000400000004,37077863343,5014,346
1762749129,0000000400000004,37199127846,2904,347
1762749132,0000008000000004,37227093625,1228,348
1762749148,0000000100000002,37391471042,1733,349
1762749149,0000004000000080,37397473901,1368,350
1762749165,0000000800000008,37561062383,1919,351
1762749213,0000004000000080,38038119588,4392,352
1762749220,0000000800000004,38104400681,401,353
1762749222,0000000800000001,38124100192,4412,354
1762749224,0000000800000081,38151754773,2734,355
1762749231,0000008000000008,38218017881,3954,356
1762749241,0000000200000080,38321897111,2887,357
1762749246,0000000100000002,38372484309,5047,358
1762749272,0000000400000004,38628407869,5232,359
1762749280,0000008000000080,38712222427,196,360
1762749296,0000004000000001,38870547620,1053,361
1762749296,0000008000000002,38870640531,1048,362
1762749300,0000008000000080,38909321098,3921,363
1762749303,0000004000000008,38941267603,1996,364
1762749306,0000000800000080,38967487570,422,365
1762749316,0000000100000003,39071313479,4567,366
1762749324,0000008000000004,39148072772,5136,367
1762749329,0000000800000008,39198051081,2131,368
1762749353,0000000400000080,39439997423,3151,369
1762749354,0000004000000080,39450382201,2526,370
1762749366,0000008000000080,39566525735,742,371
1762749382,0000008000000002,39730053761,1289,372
1762749386,0000000400000002,39765036853,4388,373
1762749394,0000008000000002,39848449166,4565,374
1762749401,0000008000000080,39921470370,172,375
1762749410,0000000400000008,40010079157,5222,376
1762749423,0000008000000080,40134633074,2916,377
1762749428,0000000400000008,40184498282,5118,378
1762749435,0000000100000004,40262824846,411,379
1762749443,0000000800000080,40336903640,1142,380
1762749461,0000000100000001,40515264799,804,381
1762749473,0000008000000080,40642011875,3565,382
1762749499,0000000100000002,40898612969,3715,383
1762749505,0000000400000004,40960476980,5185,384
1762749519,0000008000000008,41099880373,1996,385
1762749521,0000008000000040,41120477405,755,386
1762749531,0000000800000008,41223383878,4954,387
1762749537,0000000800000001,41277054676,1725,388
1762749544,0000008000000008,41351917555,2410,389
1762749553,0000000100000003,41440794659,2260,390
1762749562,0000000400000002,41532481711,1943,391
1762749575,0000000100000001,41659222751,4710,392
1762749578,0000008000000080,41693278365,2649,393
1762749579,0000000100000001,41701185987,2181,394
1762749592,0000004000000008,41825299420,5102,395
1762749599,0000000100000004,41902246591,478,396
1762749602,0000004000000004,41927532332,4153,397
1762749607,0000008000000002,41980571106,954,398
1762749626,0000000100000002,42172734241,4980,399
1762749634,0000000200000002,42246275270,558,400
1762749635,0000000100000001,42253986674,5282,401
1762749643,0000000100000003,42341941157,5186,402
1762749649,0000008000000080,42395780085,1952,403
1762749655,0000008000000080,42461662996,3173,404
1762749678,0000004000000008,42689876452,5035,405
1762749684,0000000400000004,42750757748,1370,406
1762749699,0000000400000002,42898633750,2854,407
1762749701,0000000100000001,42915367041,1860,408
1762749704,0000000400000002,42951258017,4895,409
1762749704,0000000500000001,42952204715,4840,410
1762749713,0000008000000080,43041591779,4658,411
1762749721,0000000200000001,43120764559,5084,412
1762749726,0000000200000001,43166679097,2318,413
1762749736,0000004000000004,43273604455,1081,414
1762749749,0000000400000008,43401509159,3779,415
1762749755,0000000800000004,43457555383,410,416
1762749765,0000008000000008,43561802806,4530,417
1762749774,0000000400000008,43652280121,4282,418
1762749784,0000000100000080,43747080173,3767,419
1762749788,0000000100000080,43792683157,1020,420
1762749812,0000008000000080,44032147095,2199,421
1762749819,0000008000000002,44100326046,3287,422
1762749820,0000000400000002,44112084511,2578,423
1762749837,0000000100000001,44279550959,2889,424
1762749845,0000000100000008,44359832245,3259,425
1762749851,0000004000000008,44420305411,4824,426
1762749859,0000000400000004,44495958242,276,427
1762749877,0000000200000002,44683027285,4605,428
1762749881,0000008000000008,44717593015,2512,429
1762749886,0000000400000001,44767976976,4687,430
1762749887,0000004000000004,44776035100,4204,431
1762749902,0000000100000002,44929755847,162,432
1762749905,0000008000000001,44962447532,3366,433
1762749906,0000000400000004,44963712535,3291,434
1762749910,0000000100000008,45006417496,728,435
1762749913,0000000800000008,45042160864,3773,436
1762749932,0000004000000080,45233454543,2644,437
1762749949,0000000100000008,45398829467,3083,438
1762749968,0000004000000080,45587468811,2133,439
1762749969,0000000400000004,45601786221,1267,440
1762749987,0000000100000080,45780819215,888,441
1762749990,0000008000000080,45806235370,4562,442
1762749999,0000004000000008,45900962991,4054,443
1762750004,0000008000000002,45952592450,942,444
1762750068,0000000100000001,46588692701,4239,445
1762750071,0000000800000008,46613823542,2709,446
1762750074,0000000100000003,46652208954,415,447
1762750077,0000000100000001,46679129768,3989,448
1762750094,0000000400000001,46849902351,4104,449
1762750109,0000008000000080,46994808348,581,450
1762750111,0000004000000004,47018610255,4349,451
1762750116,0000000400000001,47068182764,1355,452
1762750133,0000000100000001,47234605194,1736,453
1762750134,0000000100000001,47246373388,1024,454
1762750149,0000000100000001,47395934869,2412,455
1762750162,0000008000000001,47532190777,4616,456
1762750176,0000000400000001,47665001015,1815,457
1762750184,0000000800000008,47746757645,2091,458
1762750185,0000000c00000008,47760920513,1234,459
1762750187,0000000100000002,47776314011,317,460
1762750244,0000008000000080,48347104221,2331,461
1762750245,0000008000000004,48362240066,1421,462
1762750253,0000004000000080,48435002255,2239,463
1762750276,0000008000000004,48665324783,3972,464
1762750292,0000000800000001,48825134879,4746,465
1762750297,0000004000000001,48879694500,1459,466
1762750305,0000000800000008,48959526685,1855,467
1762750306,0000008000000004,48966045042,1458,468
1762750326,0000000800000080,49165815007,5025,469
1762750340,0000000200000001,49307938787,1670,470
1762750340,0000000800000004,49307947388,1670,471
1762750341,0000008000000004,49315724404,1197,472
1762750378,0000000100000001,49689384885,4701,473
1762750381,0000000400000004,49723143435,2653,474
1762750382,0000000800000004,49723434841,2636,475
1762750384,0000000100000001,49749535312,1072,476
1762750385,0000000800000080,49760043378,446,477
1762750389,0000000800000080,49797528308,3378,478
1762750405,0000008000000080,49956529491,4212,479
1762750419,0000004000000004,50096666531,967,480
1762750426,0000000100000001,50166169104,1985,481
1762750442,0000000400000001,50332743719,2346,482
1762750445,0000008000000002,50353750545,1083,483
1762750469,0000008000000002,50602266263,1720,484
1762750471,0000008000000001,50617383562,810,485
1762750494,0000008000000004,50853281686,2200,486
1762750495,0000000100000002,50863351379,1595,487
1762750508,0000004000000002,50993101856,4184,488
1762750509,0000004000000002,50996742995,3964,489
1762750513,0000000100000001,51041001235,1294,490
1762750529,0000000200000004,51194245724,2460,491
1762750538,0000008000000006,51287604902,2047,492
1762750548,0000000100000001,51389780406,1090,493
1762750557,0000000400000004,51481262538,785,494
1762750564,0000004000000004,51546078889,2079,495
1762750584,0000000400000002,51749956683,207,496
1762750612,000000c000000080,52023914391,4506,497
1762750639,0000000100000008,52303420376,3260,498
1762750641,0000008000000002,52319299420,2308,499
1762750642,0000000400000008,52326190362,1899,500
1762750643,0000000800000004,52337317927,1224,501
1762750647,0000004000000001,52380809674,3807,502
1762750666,0000000800000004,52571994883,2684,503
1762750671,0000000400000001,52616991439,5178,504
1762750674,0000000800000080,52652511528,3033,505
1762750692,0000000400000004,52832316815,2606,506
1762750721,0000000100000001,53117844946,1017,507
1762750723,0000004000000008,53139684806,4903,508
1762750728,0000004000000002,53193196107,1682,509
1762750734,0000000400000080,53244280759,3804,510
1762750739,0000004000000002,53294749395,768,511
1762750741,0000000100000001,53315277336,4731,512
1762750750,0000008000000004,53410501352,4198,513
1762750764,0000008800000080,53543492027,1383,514
1762750775,0000000800000002,53656367238,4985,515
1762750787,0000000400000008,53777309592,2893,516
1762750790,0000008000000001,53810823976,886,517
1762750803,0000000100000008,53941327344,3420,518
1762750833,0000000400000080,54242887099,866,519
1762750834,0000000400000001,54248846705,512,520
1762750834,0000000100000002,54251248486,368,521
1762750870,0000000100000002,54612082108,4634,522
1762750889,0000008000000001,54795691097,3974,523
1762750895,0000000400000001,54853997811,467,524
1762750895,0000008000000080,54854305182,449,525
1762750896,000000c000000080,54871221767,4627,526
1762750917,0000000400000004,55083325006,2248,527
1762750922,0000000100000001,55131928681,4528,528
1762750926,0000000100000002,55169348956,2267,529
1762750938,0000000100000008,55293010721,5215,530
1762750944,0000000100000080,55349814052,1803,531
1762750959,0000000800000001,55495373579,3429,532
1762750965,0000000100000001,55561642241,1103,533
1762750983,0000000300000001,55742949265,4127,534
1762751006,0000000100000001,55964217587,1196,535
1762751009,0000008000000008,56003195134,4054,536
1762751011,0000000100000001,56017885454,3157,537
1762751015,0000000100000008,56060869876,583,538
1762751033,0000008000000080,56239136328,249,539
1762751042,0000000400000004,56332814539,4997,540
1762751044,0000000400000001,56344158353,4322,541
1762751067,0000000100000008,56580435804,493,542
1762751078,0000008000000002,56693131155,4103,543
1762751102,0000000800000008,56930880165,189,544
1762751128,0000000400000001,57186457166,397,545
1762751132,0000000400000001,57223682397,3341,546
1762751133,0000000100000001,57233719695,2733,547
1762751138,0000008000000004,57285619093,4819,548
1762751143,0000000800000008,57333965570,1908,549
1762751143,0000000100000001,57338992261,1604,550
1762751151,0000000400000002,57414550681,2251,551
1762751152,0000000100000001,57424562681,1651,552
1762751175,0000004000000002,57658027090,3180,553
1762751183,0000004000000002,57742516369,3294,554
1762751192,0000000400000080,57824800352,3542,555
1762751199,0000008000000008,57896933039,4407,556
1762751218,0000000800000004,58092091449,3038,557
1762751221,0000008000000002,58119092159,1422,558
1762751222,0000004000000004,58133116574,583,559
1762751240,0000000100000008,58307299391,493,560
1762751241,0000004000000008,58314346934,5258,561
1762751242,0000004000000008,58332891486,4150,562
1762751243,0000000900000001,58333904325,4088,563
1762751298,0000004000000001,58886190692,2026,564
1762751305,0000000100000001,58957488738,2919,565
1762751313,0000000800000008,59038754707,3228,566
1762751324,0000000400000002,59146834636,1931,567
1762751328,0000000100000001,59189543021,4559,568
1762751344,0000008000000080,59348909292,165,569
1762751346,0000004000000004,59372673520,3927,570
1762751347,0000000100000003,59382372267,3336,571
1762751361,0000004000000080,59518656804,343,572
1762751374,0000000200000008,59650709311,2771,573
1762751375,0000000100000002,59660567472,2187,574
1762751392,0000000100000002,59829281340,2421,575
1762751393,0000000200000080,59834378950,2120,576
1762751394,0000008000000004,59843316689,1582,577
1762751401,0000000100000001,59919704674,2181,578
1762751421,0000008000000080,60121112804,459,579
1762751424,0000008000000002,60147172613,4085,580
1762751430,0000000100000008,60208351911,405,581
1762751430,0000000100000001,60212035693,183,582
1762751432,0000008000000080,60224943877,4603,583
1762751443,0000004000000002,60343133626,2671,584
1762751447,0000008000000080,60380169291,457,585
1762751447,0000000200000004,60382994444,288,586
1762751449,0000000100000004,60399270021,4506,587
1762751452,0000000800000008,60425770237,2893,588
1762751457,0000000800000080,60477066839,5013,589
1762751479,0000004000000001,60698750772,2065,590
1762751484,0000008000000080,60745132229,4475,591
1762751491,0000008000000080,60822220738,5025,592
1762751493,0000004000000001,60833807666,4335,593
1762751496,0000000800000001,60866643598,2348,594
1762751507,0000004000000008,60982638789,573,595
1762751513,0000008000000080,61042237552,2177,596
1762751522,0000000100000001,61132796921,1925,597
1762751536,000000800000000a,61272814146,3892,598
1762751544,0000000100000002,61344301334,4788,599
1762751562,0000008000000080,61530474704,3977,600
1762751577,0000000400000002,61677675458,317,601
1762751582,0000000100000004,61730473961,2326,602
1762751604,0000000100000001,61945508843,4976,603
1762751617,0000000200000040,62078336626,2179,604
1762751665,0000004000000008,62561093709,4311,605
1762751685,0000000100000080,62760409028,2691,606
1762751712,0000000800000001,63029972623,2069,607
1762751733,0000000400000002,63237383184,5171,608
1762751741,0000000800000008,63322733559,5232,609
1762751751,0000000400000002,63418721224,4659,610
1762751761,0000000100000001,63518206815,3866,611
1762751794,0000000400000002,63848370644,4782,612
1762751805,0000008000000080,63955788783,3507,613
1762751814,0000000100000001,64043661673,3413,614
1762751819,0000008000000080,64100882526,5168,615
1762751827,0000008000000004,64179863854,422,616
1762751834,0000000100000008,64246143764,1625,617
1762751845,0000000800000002,64362949878,4989,618
1762751858,0000000100000080,64485631907,2790,619
1762751859,0000000300000004,64499865944,1946,620
1762751862,0000000400000004,64530174172,5312,621
1762751865,0000008000000008,64553535964,3913,622
1762751866,0000000100000001,64570356049,2888,623
1762751885,0000008000000002,64753953734,2240,624
1762751889,0000000800000001,64794077062,5022,625
1762751909,000000c000000080,65002425855,2867,626
1762751920,0000008000000001,65107015512,1781,627
1762751920,0000000100000004,65111705490,1496,628
1762751926,0000008000000080,65166897390,3366,629
1762751929,0000008000000004,65197921422,1504,630
1762751933,0000000800000008,65235944669,4420,631
1762751939,0000000100000002,65302843258,392,632
1762751955,0000008000000080,65453849945,1692,633
1762751956,0000008000000001,65464583360,1044,634
1762751980,0000000800000002,65708013060,1986,635
1762751996,0000004000000002,65872813055,2452,636
1762752001,0000008000000008,65922420207,4675,637
1762752025,0000008000000008,66162342470,627,638
1762752038,0000004000000002,66288589887,3413,639
1762752049,0000000800000001,66398272713,2015,640
1762752063,0000000100000008,66541117437,3812,641
1762752078,0000008000000080,66688887435,5306,642
1762752105,0000008000000080,66961690813,4481,643
1762752114,0000004000000008,67047324182,4530,644
1762752127,0000004000000008,67176100000,1971,645
1762752153,0000008000000008,67437548981,1825,646
1762752155,0000000200000004,67461760881,373,647
1762752159,0000000100000001,67493962874,3624,648
1762752166,0000008000000002,67564679822,4573,649
1762752173,0000000400000001,67636151517,270,650
1762752201,0000000400000001,67920598512,3935,651
1762752203,0000000800000004,67942624733,2596,652
1762752211,0000008000000004,68013576689,3530,653
1762752230,0000004000000008,68208206630,2210,654
1762752242,0000000100000080,68332823498,5104,655
1762752245,0000008000000001,68355032260,3769,656
1762752264,0000008000000004,68548284241,2523,657
1762752288,0000008000000080,68785141705,3868,658
1762752320,0000008000000080,69112037733,4977,659
1762752323,0000008000000001,69142524439,3135,660
1762752331,0000000800000080,69216566776,3884,661
1762752337,000000c000000001,69278209043,179,662
1762752341,0000000400000004,69317718049,2982,663
1762752343,0000000100000001,69334054878,2009,664
1762752346,0000008000000080,69369670814,5061,665
1762752354,0000000800000080,69443584714,617,666
1762752367,0000000100000002,69577952580,2908,667
1762752373,0000000100000001,69635728513,4644,668
1762752382,0000008000000001,69732947614,3988,669
1762752390,0000000100000004,69811830245,4440,670
1762752391,0000000800000001,69817962226,4069,671
1762752393,0000008000000080,69839292534,2770,672
1762752410,0000000400000004,70010806828,2840,673
1762752421,0000004000000001,70121071676,1408,674
1762752425,0000000800000002,70155334235,4550,675
1762752425,0000008000000080,70157660588,4411,676
1762752433,0000008000000080,70240825592,4602,677
1762752433,0000000100000001,70241402396,4568,678
1762752442,0000004000000002,70330208611,4420,679
1762752446,0000000400000008,70364971667,2317,680
1762752448,000000c000000080,70390047258,815,681
1762752459,0000004000000008,70499272416,4636,682
1762752470,0000008000000080,70611762958,3047,683
1762752476,0000004000000002,70669818734,4763,684
1762752494,0000008000000080,70847136278,4488,685
1762752507,0000000400000080,70981852890,1571,686
1762752519,0000000100000002,71093223525,5258,687
1762752545,0000000400000001,71355722448,5052,688
1762752545,0000000400000001,71361669824,4700,689
1762752546,0000008000000080,71369612940,4223,690
1762752546,0000008000000008,71370514673,4169,691
1762752562,0000000800000008,71529253521,5002,692
1762752563,0000000100000001,71536977593,4543,693
1762752564,0000000800000001,71545880886,4006,694
1762752598,0000000400000080,71888444051,4175,695
1762752603,0000004000000008,71939676671,1085,696
1762752611,0000008000000080,72014453066,1784,697
1762752614,0000000400000002,72049723731,4859,698
1762752623,0000000400000002,72135940089,4865,699
1762752629,0000008000000002,72197439998,1161,700
1762752630,0000000400000002,72212585731,258,701
1762752635,0000000100000008,72259081944,2641,702
1762752635,0000000800000008,72259166630,2635,703
1762752635,0000000400000001,72261413315,2502,704
1762752637,0000004000000008,72273571107,1779,705
1762752654,0000004000000002,72449195609,1601,706
1762752675,0000000100000004,72654320870,4848,707
1762752682,0000000100000001,72731671642,196,708
1762752683,0000004000000002,72737661369,5025,709
1762752683,0000008000000080,72740825585,4838,710
1762752717,0000008000000080,73074991563,320,711
1762752720,0000004000000008,73112762149,3230,712
1762752728,0000008000000002,73189054841,3844,713
1762752736,0000000400000004,73266629426,4377,714
1762752743,0000000100000001,73342445644,5002,715
1762752744,0000000500000001,73342601290,4994,716
1762752760,0000008000000080,73505425020,397,717
1762752762,0000000800000002,73527462228,4268,718
1762752763,0000000100000080,73540520931,3472,719
1762752766,0000000400000001,73567686651,1842,720
1762752771,0000008000000080,73617243725,4059,721
1762752779,0000000100000001,73693295368,4680,722
1762752784,0000000100000008,73752281227,1121,723
1762752797,0000000800000004,73881627033,3734,724
1762752803,0000000800000008,73940887684,172,725
1762752804,0000008000000080,73946306410,5035,726
1762752812,0000000400000008,74032433599,5049,727
1762752823,0000000100000080,74141909027,3656,728
1762752825,0000008000000080,74162692856,2400,729
1762752832,0000000400000080,74224231284,3902,730
1762752838,0000008000000001,74289904705,5142,731
1762752839,0000000800000004,74293567775,4924,732
1762752839,0000008000000080,74299563248,4569,733
1762752840,0000008000000008,74308616881,4021,734
1762752865,0000004000000080,74554991239,4783,735
1762752869,0000000400000004,74599405388,2105,736
1762752871,0000000400000080,74614145304,1216,737
1762752881,0000000400000001,74719846852,5248,738
1762752881,0000000800000004,74721879059,5126,739
1762752891,0000008800000001,74813934957,4787,740
1762752899,0000000100000008,74901475497,4718,741
1762752930,0000008000000001,75209943541,1737,742
1762752964,0000000800000008,75546892774,2241,743
1762752995,0000000800000002,75861070218,4126,744
1762753027,0000000100000001,76181497710,433,745
1762753029,0000000100000008,76200690006,4477,746
1762753040,0000000100000080,76306933278,3264,747
1762753042,0000000100000001,76324201787,2229,748
1762753048,0000000100000001,76387740259,3602,749
1762753056,0000008000000080,76465225944,4142,750
1762753063,0000000100000002,76537007486,5012,751
1762753072,0000000800000001,76622891433,5039,752
1762753072,0000000100000001,76630070861,4615,753
1762753098,0000008000000008,76883161428,4966,754
1762753098,0000000100000001,76885693650,4816,755
1762753102,0000008000000004,76925494671,2412,756
1762753105,0000008000000080,76955892252,593,757
1762753107,0000000400000008,76975601043,4605,758
1762753133,0000008000000002,77238371319,4382,759
1762753177,0000000100000008,77682276094,3640,760
1762753201,0000000100000004,77914046125,5277,761
1762753224,0000008000000080,78144136397,1828,762
1762753232,0000008000000080,78230445217,1830,763
1762753242,0000004000000008,78327415280,1186,764
1762753310,0000008000000080,79011321071,1601,765
1762753313,0000000800000080,79040222932,5057,766
1762753325,0000008000000004,79161661619,2936,767
1762753338,0000008000000080,79288633993,506,768
1762753339,0000000800000002,79300141154,5003,769
1762753353,0000000100000002,79434724890,2101,770
1762753354,0000008000000008,79451049354,1117,771
1762753366,0000000100000002,79566193807,4590,772
1762753366,0000008000000002,79572746751,4194,773
1762753387,0000004000000002,79782611533,1951,774
1762753389,0000000100000004,79802684643,745,775
1762753396,0000000400000004,79863077188,2300,776
1762753443,0000000400000004,80336506750,4991,777
1762753454,0000000400000004,80450805720,3300,778
1762753469,0000000800000002,80595039318,5019,779
1762753490,0000004000000080,80803236711,2873,780
1762753497,0000008000000080,80877144845,3631,781
1762753513,0000004000000002,81040374373,4207,782
1762753516,0000008000000080,81064870086,2716,783
1762753530,0000004000000008,81211558925,4300,784
1762753592,0000008000000002,81825671019,3707,785
1762753598,0000008000000080,81885107882,5323,786
1762753599,0000000400000001,81898576906,4522,787
1762753616,0000008000000002,82068125879,4710,788
1762753640,0000000400000002,82310766078,500,789
1762753647,0000000100000001,82379756047,1538,790
1762753657,0000000100000001,82475437876,976,791
1762753662,0000000100000080,82524239381,3230,792
1762753662,0000004000000080,82525692613,3141,793
1762753672,000000c000000080,82623321395,2462,794
1762753681,0000000800000004,82720139752,1842,795
1762753686,0000008000000001,82771946215,3921,796
1762753690,0000004000000002,82803553190,2017,797
1762753731,0000000400000008,83219712977,2941,798
1762753733,0000000100000001,83232704311,2170,799
1762753767,0000000100000002,83578351603,2153,800
1762753767,0000000100000001,83581951262,1938,801
1762753773,0000008000000001,83635619803,3907,802
1762753775,0000000100000004,83661949786,2314,803
1762753779,0000008000000080,83696752334,231,804
1762753796,0000000800000080,83870407841,173,805
1762753802,0000000800000004,83924749068,2093,806
1762753804,0000000100000002,83950533082,546,807
1762753804,0000000100000008,83952164289,449,808
1762753805,0000000100000003,83959962127,5168,809
1762753815,0000004000000004,84053113145,4764,810
1762753815,0000000100000080,84058986631,4414,811
1762753816,0000000800000080,84072671702,3581,812
1762753821,0000000400000001,84114352504,1072,813
1762753823,0000004000000002,84141278865,4657,814
1762753828,0000000800000008,84183067061,2136,815
1762753829,0000004000000002,84195339056,1395,816
1762753843,0000000400000004,84336056320,3314,817
1762753843,0000000100000003,84336168611,3308,818
1762753843,0000000100000001,84337091059,3251,819
1762753850,0000008000000008,84402888362,4503,820
1762753861,0000000400000008,84515823690,2884,821
1762753862,0000004000000002,84529794352,2055,822
1762753871,0000004000000002,84617336351,1983,823
1762753872,0000008000000002,84624170657,1570,824
1762753874,0000000100000002,84642923557,448,825
1762753876,0000008000000080,84669886024,4020,826
1762753877,0000000400000080,84674831582,3720,827
1762753892,0000000800000001,84829732716,4792,828
1762753922,0000000100000001,85128698680,2378,829
1762753925,0000004000000080,85153981956,864,830
1762753947,0000000100000004,85380951228,2784,831
1762753951,0000000c00000008,85416092312,682,832
1762753957,0000000800000002,85477912331,2153,833
1762753964,0000004000000080,85544129755,3359,834
1762753968,0000000100000008,85590415293,586,835
1762753980,0000000100000004,85707117716,3954,836
1762753980,0000000100000001,85707740415,3915,837
1762754009,000000c000000080,85996171861,2142,838
1762754017,0000000400000002,86072968931,2705,839
1762754021,0000008000000008,86116436235,5295,840
1762754031,0000000400000004,86219125560,4322,841
1762754039,0000004000000002,86300854055,4597,842
1762754042,0000000100000001,86327613011,2970,843
1762754064,0000000400000004,86551443962,5099,844
1762754065,0000000800000008,86560129594,4585,845
1762754069,0000000100000001,86593522927,2558,846
1762754080,0000000100000001,86708963667,818,847
1762754081,0000000100000008,86719856297,168,848
1762754090,0000004000000002,86810585449,5091,849
1762754111,0000008000000080,87013031690,3294,850
1762754121,0000008000000080,87117417545,2214,851
1762754135,0000004000000004,87256509360,4244,852
1762754139,0000008000000001,87295054911,1919,853
1762754152,0000008000000008,87429915019,4202,854
1762754180,0000000100000008,87705222704,3208,855
1762754181,0000000400000002,87721334940,2243,856
1762754196,0000000400000080,87870820867,3641,857
1762754198,0000000800000008,87887988315,2599,858
1762754214,0000000100000080,88045723922,3505,859
1762754230,0000004000000001,88207670859,4160,860
1762754231,0000008000000001,88216084439,3649,861
1762754241,0000000400000008,88313303506,2984,862
1762754242,0000000100000004,88325812052,2240,863
1762754254,0000004000000080,88449925292,5162,864
1762754259,000000c000000080,88498881675,2216,865
1762754262,0000000400000001,88529324037,392,866
1762754263,0000000400000002,88541001847,4882,867
1762754276,0000000100000004,88662957234,2725,868
1762754280,0000008000000001,88709110533,5152,869
1762754289,0000000100000001,88800177842,4873,870
1762754291,0000000400000002,88814964954,3986,871
1762754302,0000000100000001,88929162102,2300,872
1762754313,0000004000000080,89040139813,825,873
1762754319,0000000100000001,89098606954,2493,874
1762754347,0000004000000001,89375032739,1452,875
1762754360,0000004000000080,89508805099,3797,876
1762754367,0000004000000080,89575756695,4963,877
1762754396,0000000100000080,89866624419,3036,878
