1761714444,0000004000000001,2578646965,5190,2
1761714445,0000004000000004,2590214320,5190,3
1761714450,0000000100000004,2637755336,5190,4
1761714452,0000008000000002,2651650285,5190,5
1761714453,0000000200000001,2660817444,5192,6
1761714454,0000000100000001,2673682119,5191,7
1761714455,0000004000000040,2687515878,5190,8
1761714461,0000008000000080,2746318629,5191,9
1761714462,0000000100000004,2751631992,5190,10
1761714464,0000000800000001,2774559719,5191,11
1761714473,0000000400000040,2862458937,5191,12
1761714478,0000008000000080,2917597136,5190,13
1761714496,0000004000000004,3091118078,5190,14
1761714497,0000004000000001,3106502426,5191,15
1761714503,0000002000000008,3164447242,5192,16
1761714504,0000001000000001,3175735077,5191,17
1761714504,0000000800000001,3178253602,5191,18
1761714505,0000000100000001,3186258835,5191,19
1761714522,0000000100000001,3353887401,5192,20
1761714526,0000001000000008,3393925662,5191,21
1761714530,0000004000000008,3438940193,5191,22
1761714537,0000004000000002,3504519585,5192,23
1761714538,0000002000000008,3515429645,5191,24
1761714540,0000000500000001,3539665013,5192,25
1761714543,0000000400000004,3562433448,5191,26
1761714545,0000000200000040,3582601588,5191,27
1761714545,0000000800000004,3585308506,5198,28
1761714548,0000002000000008,3615094843,5191,29
1761714551,0000000400000001,3650287596,5192,30
1761714552,0000000200000004,3652828641,5192,31
1761714562,0000004000000040,3752913002,5192,32
1761714565,0000008000000010,3789569445,5192,33
1761714568,0000001000000040,3819514889,5192,34
1761714572,0000000100000001,3851945020,5192,35
1761714584,0000002000000010,3980340782,5191,36
1761714591,0000000100000010,4049085505,5192,37
1761714593,0000002000000008,4068531109,5191,38
1761714596,0000008000000080,4093790548,5192,39
1761714596,0000002000000080,4094686726,5192,40
1761714598,0000000800000001,4116256561,5191,41
1761714599,0000000100000080,4122008045,5191,42
1761714599,0000000800000001,4126821366,5192,43
1761714606,0000008000000080,4192354654,5192,44
1761714620,0000008000000004,4337836242,5191,45
1761714626,0000008400000080,4392829332,5192,46
1761714626,0000000200000001,4395945098,5192,47
1761714627,0000000400000001,4404018536,5191,48
1761714635,0000000100000010,4488123863,5191,49
1761714635,0000002000000008,4489720174,5192,50
1761714639,0000004000000080,4523447716,5191,51
1761714640,0000000400000001,4538440815,5192,52
1761714645,0000000100000001,4589222447,5191,53
1761714653,0000002000000001,4661562265,5192,54
1761714653,0000000800000004,4662888788,5192,55
1761714654,0000000800000008,4675587375,5191,56
1761714660,0000004000000001,4731068195,5192,57
1761714662,0000004000000080,4760002259,5192,58
1761714663,0000000400000001,4761680814,5198,59
1761714664,0000000100000004,4774356713,5191,60
1761714664,0000000100000001,4779973781,5190,61
1761714665,0000000800000040,4788423747,5185,62
1761714667,0000008000000008,4808562972,5192,63
1761714670,0000001000000080,4837157593,5192,64
1761714671,0000001000000002,4843312153,5192,65
1761714674,0000008000000008,4876746690,5192,66
1761714675,0000004000000004,4884482215,5192,67
1761714679,0000000100000001,4930253534,5192,68
1761714681,0000002000000001,4942317645,5192,69
1761714684,0000004000000080,4970961920,5191,70
1761714694,0000000800000001,5075656013,5192,71
1761714694,0000000800000080,5078755588,5192,72
1761714698,0000000100000002,5114750968,5192,73
1761714699,0000004000000002,5122357315,5191,74
1761714699,0000000200000004,5125649867,5192,75
1761714701,0000000200000008,5144643078,5192,76
1761714701,0000000100000080,5147176890,5191,77
1761714702,0000000800000010,5157696052,5192,78
1761714703,0000000100000010,5161576349,5192,79
1761714709,0000000100000002,5221157042,5191,80
1761714714,0000000100000008,5272062328,5192,81
1761714715,0000000400000080,5282121897,5192,82
1761714718,0000000400000008,5320644983,5192,83
1761714721,0000008000000080,5341343435,5192,84
1761714733,0000000400000001,5465896809,5191,85
1761714736,0000000800000001,5490767377,5191,86
1761714741,0000004000000080,5547182457,5192,87
1761714742,0000000100000001,5559003896,5192,88
1761714745,0000002000000080,5590334847,5191,89
1761714746,0000001000000004,5592858467,5192,90
1761714746,0000000800000001,5593353582,5192,91
1761714747,0000002000000020,5601595105,5192,92
1761714752,0000000100000002,5658697959,5191,93
1761714753,0000000100000004,5669643400,5192,94
1761714756,0000000100000001,5700645867,5191,95
1761714757,0000004000000080,5707638618,5191,96
1761714759,0000008000000080,5727454937,5192,97
1761714759,0000008000000008,5727771354,5192,98
1761714760,0000008000000040,5731206518,5192,99
1761714760,0000000100000080,5732379236,5192,100
1761714768,0000008000000004,5816259667,5191,101
1761714768,0000000100000004,5816731433,5192,102
1761714768,0000000100000001,5819029835,5192,103
1761714779,0000000800000040,5927489668,5192,104
1761714780,0000000800000001,5932127358,5192,105
1761714782,0000001000000004,5953221539,5191,106
1761714787,0000000400000004,6001077783,5191,107
1761714789,0000000100000010,6027912358,5191,108
1761714790,0000000100000004,6038009321,5191,109
1761714791,0000000800000008,6044168334,5192,110
1761714791,0000004000000001,6049351292,5191,111
1761714793,0000008000000008,6061673914,5192,112
1761714795,0000001000000080,6089763587,5191,113
1761714796,0000004000000080,6090404722,5192,114
1761714804,0000000200000004,6180068432,5192,115
1761714811,0000000100000080,6240773004,5192,116
1761714820,0000000100000001,6331961001,5192,117
1761714823,0000000400000002,6368036142,5192,118
1761714825,0000000100000003,6383466438,5191,119
1761714825,0000008000000008,6386233213,5192,120
1761714825,0000000100000002,6390365013,5192,121
1761714829,0000004000000002,6428414751,5192,122
1761714829,0000001000000004,6430185267,5191,123
1761714832,0000004000000008,6450948732,5192,124
1761714832,0000000100000004,6453213005,5192,125
1761714832,0000000100000080,6455653994,5192,126
1761714832,0000000100000008,6456314116,5192,127
1761714833,0000000200000002,6470442966,5192,128
1761714836,0000000100000001,6492223574,5192,129
1761714837,0000000400000002,6507872164,5192,130
1761714838,0000008000000001,6520490819,5191,131
1761714839,0000000800000002,6525780537,5191,132
1761714839,0000008000000040,6526918145,5191,133
1761714840,0000000800000008,6536121662,5192,134
1761714845,0000004000000008,6590081256,5191,135
1761714848,0000008000000080,6614267191,5192,136
1761714851,0000008000000010,6640812147,5191,137
1761714855,0000004400000002,6690187048,5192,138
1761714857,0000008000000002,6702324601,5192,139
1761714858,000000c000000008,6713099493,5191,140
1761714858,0000008000000002,6715872263,5191,141
1761714858,0000000100000010,6719345453,5191,142
1761714860,0000004000000010,6731102951,5191,143
1761714860,0000000200000001,6738507764,5191,144
1761714863,0000000100000001,6764477605,5191,145
1761714865,0000002000000080,6787587751,5191,146
1761714868,0000000400000010,6818694815,5191,147
1761714871,0000004400000004,6844191034,5192,148
1761714871,0000000400000010,6844725701,5192,149
1761714883,0000000800000004,6963630951,5191,150
1761714884,0000004000000008,6972363622,5192,151
1761714884,0000000100000008,6978699011,5191,152
1761714885,0000004000000004,6988395797,5192,153
1761714887,0000000400000003,7006269815,5192,154
1761714892,0000000100000001,7052735345,5192,155
1761714894,0000000100000001,7074995453,5191,156
1761714897,0000000100000010,7102020284,5191,157
1761714897,0000000800000008,7106073104,2191,158
1761714897,0000000800000004,7108040375,5192,159
1761714899,0000008000000008,7128664315,5192,160
1761714899,0000004000000040,7130302700,5192,161
1761714904,0000008000000080,7171893892,5192,162
1761714907,0000000100000002,7202771167,5191,163
1761714911,0000000400000080,7248938702,5191,164
1761714917,0000000800000001,7308740915,5192,165
1761714919,0000000400000001,7321610337,5191,166
1761714919,0000000300000001,7325182898,5192,167
1761714922,0000008000000004,7355597104,5192,168
1761714925,0000000100000010,7380757151,5192,169
1761714934,0000004000000040,7470837135,5192,170
1761714942,0000008000000001,7554218696,5192,171
1761714943,0000000800000040,7564102972,5192,172
1761714943,0000008000000020,7570011066,5191,173
1761714947,0000000200000002,7605792042,5192,174
1761714950,0000004000000008,7637809191,5192,175
1761714955,0000000800000080,7686146193,5191,176
1761714955,0000000100000002,7687446269,5191,177
1761714957,0000004000000080,7706050872,5191,178
1761714960,0000008000000010,7731806564,5191,179
1761714960,0000000200000002,7739530687,5191,180
1761714962,0000000400000008,7755639876,5192,181
1761714973,0000002000000002,7865464843,5191,182
1761714973,0000008000000080,7870424986,5192,183
1761714977,0000008000000080,7901729435,5191,184
1761714983,0000000200000004,7961582358,5191,185
1761714985,0000000400000001,7980931413,5192,186
1761714985,0000008000000080,7983446975,5191,187
1761714997,0000000100000010,8107335407,5192,188
1761714999,0000000200000001,8121311987,5192,189
1761714999,0000000200000040,8125739637,5192,190
1761715002,0000000200000010,8152447045,5191,191
1761715003,000000c000000080,8161050320,5192,192
1761715003,0000000100000004,8166501811,5192,193
1761715003,0000000800000080,8170122809,5191,194
1761715004,0000004000000008,8170125824,5191,195
1761715005,0000004000000080,8184838312,5192,196
1761715005,0000000800000004,8185580795,5191,197
1761715006,0000000100000008,8190702706,5192,198
1761715008,0000002000000008,8215801522,5192,199
1761715013,0000000800000008,8269037070,5192,200
1761715013,0000001000000008,8270492623,5192,201
1761715014,0000004000000010,8273196491,5192,202
1761715016,0000000400000001,8294597539,5192,203
1761715017,0000000800000001,8310565987,5192,204
1761715018,0000000800000004,8319288987,5192,205
1761715019,0000000800000002,8326787580,5192,206
1761715020,0000008000000080,8337686281,5192,207
1761715021,0000008000000008,8346616635,5191,208
1761715023,0000004000000004,8360701313,5192,209
1761715028,0000008000000010,8417256518,5191,210
1761715035,0000000400000001,8481969153,5191,211
1761715042,000000c000000080,8558381102,5192,212
1761715042,0000000200000004,8558474308,5192,213
1761715042,0000008000000080,8560203108,5192,214
1761715044,0000000100000001,8578022531,5192,215
1761715045,0000004000000001,8584166024,5193,216
1761715055,0000008000000010,8684674269,5192,217
1761715055,0000000400000010,8686986699,5191,218
1761715058,0000000800000008,8714979476,5191,219
1761715062,0000000400000040,8757153206,5192,220
1761715063,0000000100000080,8768549838,5192,221
1761715064,0000001000000004,8777064957,5192,222
1761715065,0000000400000008,8781186664,5192,223
1761715073,0000000800000002,8860592067,5191,224
1761715074,0000000400000001,8871759619,5192,225
1761715080,0000000100000004,8939591187,5192,226
1761715083,0000004000000004,8963032030,5191,227
1761715094,0000000100000008,9074088310,5192,228
1761715096,0000004000000008,9090960088,5191,229
1761715096,0000000200000008,9098764455,5192,230
1761715096,0000004000000002,9099268460,5192,231
1761715110,0000008000000080,9231510797,5192,232
1761715111,0000008000000010,9243913376,5192,233
1761715115,0000000100000010,9290492892,5192,234
1761715123,0000008000000004,9362205396,5192,235
1761715124,0000000200000001,9376249889,5191,236
1761715127,0000000800000010,9403222208,5192,237
1761715127,0000000800000080,9405106438,5192,238
1761715129,0000000400000001,9421386729,5191,239
1761715135,0000008000000008,9483390453,5191,240
1761715140,0000000800000001,9530655235,5191,241
1761715140,0000002000000010,9539839999,5191,242
1761715146,0000000200000001,9598951342,5191,243
1761715149,0000008000000002,9629057820,5191,244
1761715155,000000c00000008e,9683250811,5191,245
1761715155,0000000800000001,9684802835,5191,246
1761715161,0000000100000001,9743779840,5191,247
1761715168,0000004000000080,9812036542,5192,248
1761715168,0000008000000001,9817532333,5192,249
1761715169,0000000400000004,9824342135,5191,250
1761715170,0000000400000010,9834363466,5192,251
1761715172,0000000800000004,9856322500,5192,252
1761715174,0000008000000020,9878851291,5191,253
1761715175,0000000100000002,9882998727,5192,254
1761715175,0000008000000080,9889631192,5191,255
1761715178,0000004000000010,9914562217,5192,256
1761715182,0000000800000080,9951315135,5192,257
1761715187,0000004000000001,10007414148,5191,258
1761715189,0000008000000080,10021105027,5192,259
1761715193,0000001000000004,10062703422,5191,260
1761715195,0000000400000007,10087735926,5192,261
1761715200,0000008000000080,10140545615,5191,262
1761715202,0000000100000080,10157676541,5191,263
1761715203,0000004000000008,10167933076,5191,264
1761715203,0000004000000040,10168068650,5192,265
1761715204,0000004000000010,10177174824,5191,266
1761715209,0000004000000080,10224431781,5192,267
1761715211,0000000400000001,10248444471,5192,268
1761715212,0000002000000008,10255207326,5191,269
1761715213,0000000800000001,10261446342,5192,270
1761715213,0000000800000001,10265356100,5192,271
1761715213,0000000400000004,10267873140,5192,272
1761715225,0000000400000001,10386936068,5192,273
1761715225,0000002000000001,10388214888,5191,274
1761715225,0000004000000010,10389034722,5191,275
1761715226,0000000200000004,10398589739,5191,276
1761715227,0000000800000040,10403685979,5191,277
1761715228,0000008000000010,10419588678,5192,278
1761715231,0000000800000008,10442672645,5192,279
1761715232,0000000100000001,10450891235,5191,280
1761715233,0000008000000020,10461021085,5191,281
1761715234,0000001000000080,10478092540,5191,282
1761715234,0000000100000001,10478119619,5191,283
1761715235,0000008000000008,10484743218,5191,284
1761715243,0000000800000080,10562683088,5191,285
1761715243,0000000100000080,10568197468,5192,286
1761715246,0000008000000080,10597608024,5192,287
1761715248,0000000100000010,10613563371,5191,288
1761715253,0000000600000001,10669397761,5191,289
1761715254,0000000400000002,10679565041,5192,290
1761715258,0000008000000080,10712889513,5192,291
1761715258,0000000100000002,10716746743,5192,292
1761715261,0000000400000080,10748425350,5191,293
1761715263,0000000200000001,10760843603,5191,294
1761715263,0000008000000080,10761035358,5192,295
1761715265,0000004000000002,10785169841,5191,296
1761715274,0000000100000008,10876015271,5192,297
1761715275,0000008000000008,10881616672,5192,298
1761715277,0000008000000002,10901657168,5191,299
1761715285,0000008000000080,10981624480,5191,300
1761715285,0000002000000008,10989425245,5191,301
1761715289,0000008000000080,11024189956,5192,302
1761715290,0000008000000080,11030819305,5191,303
1761715298,0000000100000001,11111516858,5191,304
1761715298,0000001000000004,11119812120,5191,305
1761715302,0000000800000080,11153613666,5191,306
1761715308,0000000100000040,11213585926,5191,307
1761715311,0000000200000040,11245823362,5192,308
1761715312,0000008000000008,11250930003,5191,309
1761715313,0000004000000040,11263568792,5192,310
1761715313,0000008000000080,11265099245,5191,311
1761715316,0000000200000080,11293789676,5191,312
1761715320,0000000100000010,11331473499,5191,313
1761715321,0000000200000040,11347927891,5192,314
1761715322,0000002000000001,11354522700,5191,315
1761715323,0000008000000001,11364456319,5192,316
1761715323,0000000200000001,11365974724,5192,317
1761715325,0000000800000080,11384115328,5192,318
1761715326,0000000100000001,11400228705,5191,319
1761715328,0000000100000080,11411410879,5191,320
1761715330,0000000800000001,11436787325,5192,321
1761715330,0000008000000008,11437239344,5192,322
1761715331,0000000100000008,11448923585,5191,323
1761715334,0000000800000040,11472287990,5192,324
1761715338,0000000100000010,11516744680,5191,325
1761715340,0000000800000080,11539410453,5191,326
1761715341,0000000400000004,11548436662,5192,327
1761715342,0000000100000001,11559817244,5191,328
1761715344,0000000800000004,11579576617,5191,329
1761715346,0000000100000080,11593492307,5191,330
1761715352,0000000200000010,11657230420,5191,331
1761715354,0000000800000002,11674567061,5192,332
1761715356,0000000400000002,11696795046,5191,333
1761715357,0000000100000001,11708060515,5191,334
1761715362,0000000200000002,11750807256,5191,335
1761715364,0000000400000004,11771268997,5192,336
1761715364,0000004000000020,11780311280,5191,337
1761715366,0000001000000040,11798659938,5192,338
1761715368,0000000200000001,11817424039,5191,339
1761715373,0000002000000002,11869535380,5192,340
1761715383,0000008000000004,11966312107,5191,341
1761715385,0000000400000040,11986275011,5192,342
1761715386,0000008000000080,11991391282,5192,343
1761715386,0000004000000008,11996914869,5191,344
1761715387,0000000400000010,12006263917,5191,345
1761715389,0000008000000040,12021499990,5191,346
1761715392,0000008000000010,12058621863,5191,347
1761715392,0000001000000080,12059527835,5192,348
1761715393,0000000200000080,12062591999,5192,349
1761715398,0000000400000001,12113959337,5192,350
1761715401,0000008000000080,12143709099,5191,351
1761715401,0000000200000002,12146518679,5192,352
1761715406,0000000100000001,12197278476,5191,353
1761715406,0000000800000080,12200468942,5191,354
1761715409,0000000100000008,12224932138,5191,355
1761715410,0000002000000010,12239494087,5191,356
1761715413,0000008000000010,12267078357,5191,357
1761715414,0000008000000005,12277124207,5191,358
1761715424,0000000200000008,12380245336,5191,359
1761715426,0000000400000001,12394619251,5192,360
1761715426,0000000400000010,12397478875,5191,361
1761715429,0000000800000080,12421429744,5191,362
1761715431,0000001000000010,12447185905,5191,363
1761715432,0000001000000008,12460280085,5191,364
1761715436,0000000100000002,12497559562,5191,365
1761715437,0000000400000010,12503470193,5191,366
1761715438,0000000200000010,12513405142,5191,367
1761715439,0000002000000002,12525786099,5191,368
1761715442,0000000800000004,12552370779,5191,369
1761715442,0000000400000008,12553648650,5191,370
1761715445,0000002000000002,12590340353,5191,371
1761715447,0000004000000010,12608427151,5191,372
1761715448,0000000400000001,12611551946,5192,373
1761715448,0000001000000040,12613439077,5191,374
1761715450,0000002000000008,12636150404,5191,375
1761715451,0000008000000001,12647574909,5191,376
1761715460,0000004000000080,12731069847,5192,377
1761715461,0000000400000002,12748032240,5191,378
1761715464,0000004000000008,12777745142,5192,379
1761715466,0000000400000040,12797808594,5192,380
1761715467,0000004000000040,12808726296,5191,381
1761715468,0000000200000002,12817226785,5192,382
1761715472,0000000400000080,12855033680,5192,383
1761715473,0000004000000020,12863987517,5191,384
1761715474,0000000200000020,12874090092,5192,385
1761715475,0000004000000002,12883097882,5191,386
1761715476,0000008000000002,12890950798,5191,387
1761715476,0000000100000001,12895688039,5192,388
1761715476,0000000800000004,12896227112,5191,389
1761715477,0000004000000004,12903105530,5191,390
1761715479,0000008000000010,12928939787,5191,391
1761715481,0000000400000004,12947385254,5192,392
1761715481,0000008000000080,12950242126,5192,393
1761715482,0000000800000020,12950471184,5191,394
1761715482,0000008000000004,12956443379,5191,395
1761715483,0000000800000080,12966218801,5191,396
1761715486,0000000100000001,12996808614,5191,397
1761715486,0000001000000020,12998127203,5192,398
1761715488,0000004800000080,13018960516,5192,399
1761715494,0000000100000002,13070649617,5191,400
1761715495,0000000100000008,13083779752,5192,401
1761715504,0000008800000002,13176753430,5191,402
1761715505,0000008000000040,13184918325,5191,403
1761715507,0000000100000001,13204462603,5192,404
1761715508,0000004000000001,13216437651,5191,405
1761715508,0000000200000020,13219107363,5192,406
1761715511,0000004000000080,13242114780,5192,407
1761715512,0000001000000002,13253085503,5191,408
1761715513,0000000100000040,13261310568,5192,409
1761715513,0000008000000040,13262963236,5191,410
1761715513,0000002000000001,13264775804,5192,411
1761715513,0000000800000002,13267896902,5191,412
1761715515,0000000800000004,13288788002,5191,413
1761715518,0000004000000008,13319718049,5191,414
1761715521,0000004000000020,13350317939,5192,415
1761715522,0000004000000080,13354387315,5192,416
1761715522,0000002000000040,13360107425,5191,417
1761715524,0000000100000002,13373150446,5191,418
1761715524,0000000100000002,13378013585,5192,419
1761715528,0000000100000001,13412552192,5192,420
1761715528,0000000400000080,13419512347,5191,421
1761715530,0000000100000001,13434232999,5192,422
1761715533,0000008000000008,13463484450,5192,423
1761715533,0000008000000004,13467314136,5192,424
1761715534,0000000400000080,13475868151,5191,425
1761715535,0000001000000004,13489341484,5192,426
1761715536,0000004000000010,13497634771,5192,427
1761715537,0000000100000001,13506259280,5192,428
1761715539,0000000100000001,13523164647,5192,429
1761715539,0000004000000002,13527006013,5192,430
1761715542,0000004000000008,13553466530,5191,431
1761715543,0000000800000001,13565307522,5191,432
1761715545,0000000800000080,13581560338,5191,433
1761715547,0000000100000001,13601186736,5191,434
1761715550,0000000400000080,13638148076,5191,435
1761715552,0000008000000080,13652208860,5191,436
1761715552,0000008000000002,13660001866,5192,437
1761715553,0000000100000080,13666317091,5192,438
1761715557,0000008000000010,13706197069,5192,439
1761715558,0000008000000002,13710834200,5192,440
1761715561,0000008000000004,13745932611,5192,441
1761715561,0000000800000008,13746917023,5191,442
1761715562,0000000200000010,13754069755,5191,443
1761715564,0000008000000008,13775830629,5191,444
1761715565,0000004000000004,13790246819,5192,445
1761715567,0000001000000020,13804100437,5192,446
1761715571,0000000800000002,13844026387,5191,447
1761715574,0000000200000080,13873856409,5192,448
1761715578,0000000800000008,13910628889,5192,449
1761715581,0000004000000002,13948012345,5192,450
1761715581,0000001000000008,13948731240,5191,451
1761715582,0000000800000001,13960035454,5191,452
1761715584,0000000100000080,13973391483,5191,453
1761715585,0000000800000004,13985389696,5191,454
1761715586,0000000100000001,13994689628,5191,455
1761715588,0000004000000008,14016348807,5191,456
1761715588,0000000200000001,14016598329,5191,457
1761715589,0000000400000080,14026677281,5191,458
1761715589,0000001000000008,14028914933,5191,459
1761715591,0000004000000004,14041055098,5191,460
1761715591,0000000100000020,14042631612,5192,461
1761715593,0000000100000004,14067329537,5191,462
1761715595,0000004000000001,14083574409,5191,463
1761715595,0000004000000004,14090255930,5192,464
1761715598,0000000100000008,14116676999,5185,465
1761715600,0000008000000008,14132354094,5192,466
1761715603,0000000800000008,14169165174,5192,467
1761715605,0000008000000004,14186108476,5192,468
1761715605,0000000200000020,14188959703,5192,469
1761715606,0000000100000001,14193308754,5192,470
1761715606,0000002000000002,14197089546,5192,471
1761715608,0000000200000080,14212380830,5191,472
1761715609,0000008000000008,14225715027,5192,473
1761715610,0000000400000008,14239527956,5192,474
1761715612,0000000100000020,14260245656,5192,475
1761715614,0000000100000020,14270753232,5192,476
1761715614,0000001000000004,14271493366,5191,477
1761715615,0000000100000001,14282185354,5192,478
1761715617,0000000100000001,14307533094,5192,479
1761715618,0000008000000008,14318538242,5192,480
1761715623,0000002000000040,14362395149,5192,481
1761715623,0000000800000040,14363853205,5192,482
1761715626,0000008000000080,14396979412,5192,483
1761715628,0000001000000008,14415359122,5192,484
1761715629,0000000100000003,14422021783,5192,485
1761715630,0000000100000080,14439937332,5191,486
1761715638,0000000800000001,14515323821,5192,487
1761715644,0000000800000004,14573146622,5192,488
1761715645,0000000100000008,14580513207,5192,489
1761715645,0000000800000040,14590266121,5192,490
1761715646,0000000100000002,14593294751,5192,491
1761715646,0000002000000004,14595043056,5192,492
1761715651,0000001000000008,14650206118,5191,493
1761715654,0000000800000004,14678131483,5192,494
1761715655,0000000800000001,14681579153,5192,495
1761715655,0000000200000004,14688146895,5192,496
1761715656,0000000400000008,14694628352,5192,497
1761715656,0000000100000004,14699085794,5191,498
1761715662,0000002000000040,14752461632,5192,499
1761715664,0000004000000001,14780183812,5191,500
1761715666,0000000400000008,14792838398,5192,501
1761715666,0000000100000002,14793419321,5192,502
1761715670,0000008000000080,14838486642,5192,503
1761715671,0000000100000001,14845384649,5198,504
1761715671,0000008000000080,14849792291,5192,505
1761715673,0000008000000002,14870249548,5192,506
1761715675,000000c000000080,14883003146,5191,507
1761715680,0000000800000004,14935085947,5192,508
1761715682,0000000100000004,14951222338,5191,509
1761715682,0000000400000002,14954928760,5192,510
1761715687,0000000400000080,15000938274,5192,511
1761715687,0000000100000001,15007069010,5192,512
1761715692,0000000100000008,15060291324,5192,513
1761715697,0000000100000002,15106245654,5191,514
1761715702,0000000800000004,15156806747,5192,515
1761715704,0000000400000010,15178304605,5192,516
1761715712,0000008000000080,15258284476,5192,517
1761715713,0000001000000008,15265508418,5191,518
1761715713,0000000800000008,15267775166,5191,519
1761715714,0000008000000080,15275768733,5191,520
1761715715,0000008000000004,15288072642,5191,521
1761715715,0000000200000004,15288368567,5191,522
1761715716,0000000400000080,15291480300,5192,523
1761715716,0000000100000008,15291942758,5192,524
1761715716,0000000100000001,15299764930,5192,525
1761715717,0000000800000020,15306769362,5191,526
1761715719,0000004000000001,15322881019,5192,527
1761715720,0000004000000008,15337643478,5191,528
1761715722,0000008000000008,15355369252,5191,529
1761715722,0000000400000080,15358020139,5192,530
1761715723,0000001000000004,15369235441,5192,531
1761715726,0000000400000001,15398541382,5192,532
1761715729,0000000800000001,15425965943,5192,533
1761715731,0000000400000008,15440690371,5192,534
1761715737,0000002000000001,15508508934,5192,535
1761715738,0000004000000080,15511753083,5191,536
1761715741,0000004000000002,15541105836,5192,537
1761715741,0000000800000010,15541670467,5192,538
1761715742,0000000200000080,15551680543,5191,539
1761715743,0000008000000040,15560544150,5192,540
1761715744,0000000400000004,15575426207,5192,541
1761715751,0000000100000008,15642791052,5191,542
1761715753,0000004000000020,15661499795,5191,543
1761715753,0000000100000002,15664227678,5191,544
1761715756,0000008000000002,15691896478,5191,545
1761715757,0000004000000010,15704038021,5191,546
1761715757,0000008000000001,15706187678,5191,547
1761715760,0000004000000001,15730615680,5191,548
1761715761,0000008000000001,15743189828,5191,549
1761715762,0000000800000040,15751388543,5191,550
1761715762,0000000200000080,15757438845,5191,551
1761715765,0000001000000004,15783241292,5192,552
1761715766,0000000200000040,15799680415,5191,553
1761715773,0000004000000001,15870195205,5191,554
1761715775,0000004000000008,15883492986,5191,555
1761715778,0000008000000080,15915062105,5192,556
1761715779,0000000800000080,15923759915,5192,557
1761715779,0000000100000004,15929928563,5192,558
1761715780,0000008000000004,15934913348,5191,559
1761715780,0000004000000010,15937447201,5192,560
1761715782,0000001000000008,15955212687,5191,561
1761715782,0000008000000001,15959819301,5192,562
1761715787,0000008000000080,16005343212,5192,563
1761715787,0000008000000002,16009965249,5191,564
1761715792,0000000100000001,16056461144,5191,565
1761715793,0000000400000008,16062586342,5191,566
1761715795,0000008000000080,16086539390,5192,567
1761715796,0000000800000002,16090533272,5191,568
1761715799,0000000100000001,16128449256,5191,569
1761715800,0000004000000008,16133228846,5191,570
1761715801,0000008000000004,16143645144,5191,571
1761715801,0000004000000002,16148897881,5191,572
1761715803,0000000100000003,16163276139,5191,573
1761715805,0000004000000040,16181309059,5191,574
1761715805,0000000400000020,16182152063,5192,575
1761715805,0000000100000001,16189692739,5191,576
1761715806,0000000800000001,16194467438,5191,577
1761715808,0000002000000020,16214086743,5191,578
1761715809,0000000100000008,16223817546,5192,579
1761715810,0000008000000008,16236775393,5191,580
1761715817,0000008000000080,16304341476,5191,581
1761715822,0000002000000020,15283720919,5192,582
1761715823,0000000600000008,16368991380,5192,583
1761715825,0000000200000008,16384691822,5191,584
1761715825,0000000100000002,16385730165,5192,585
1761715828,0000008000000080,16412082132,5192,586
1761715832,0000000400000002,16450952071,5191,587
1761715832,0000000300000001,16455664661,5192,588
1761715833,0000000800000001,16462373623,5192,589
1761715834,0000000100000001,16474699902,5192,590
1761715834,0000008000000080,16476455963,5192,591
1761715837,0000008000000008,16505212873,5191,592
1761715838,0000000400000040,16515736469,5192,593
1761715839,0000000100000010,16526479329,5192,594
1761715850,0000001000000002,16633740810,5191,595
1761715852,0000001000000004,16651687029,5192,596
1761715853,0000008000000001,16663082075,5192,597
1761715854,0000002000000004,16676564937,5192,598
1761715855,0000008000000010,16687242700,5191,599
1761715856,0000000400000080,16696809936,5191,600
1761715857,0000000800000001,16705919635,5191,601
1761715858,0000000400000080,16720182855,5191,602
1761715861,0000008000000001,16742308964,5192,603
1761715861,0000002000000008,16746172372,5191,604
1761715861,0000000800000080,16748803778,5192,605
1761715862,0000008000000010,16755979462,5191,606
1761715862,0000002000000010,16756579013,5191,607
1761715865,0000000100000008,16785674765,5191,608
1761715866,0000001000000010,16792687264,5192,609
1761715866,0000002000000008,16794434192,5192,610
1761715873,0000001000000080,16869397139,5191,611
1761715876,0000000800000002,16892518025,5192,612
1761715883,0000002000000001,16969352686,5192,613
1761715884,0000000100000008,16973071989,5191,614
1761715886,0000000100000008,16991769463,5192,615
1761715886,0000002000000008,16991942094,5192,616
1761715886,0000000100000001,16996022650,5191,617
1761715888,0000000100000040,17013642021,5192,618
1761715890,0000004000000020,2483683878,5192,619
1761715891,0000000200000008,17043432903,5191,620
1761715893,0000000100000001,17065672356,5191,621
1761715893,0000000200000040,17069970070,5192,622
1761715894,0000000400000001,17071113570,5192,623
1761715895,0000000200000020,17086712716,5192,624
1761715895,0000000100000002,17089295056,5191,625
1761715898,0000004000000004,17113588380,5192,626
1761715901,0000000100000005,17149614808,5191,627
1761715905,0000008000000001,17182816184,5192,628
1761715907,0000001000000001,17205244817,5192,629
1761715907,0000004000000004,17207452093,5192,630
1761715908,0000000100000010,17216463906,5191,631
1761715910,0000000200000002,17234152299,5191,632
1761715911,0000001000000080,17241503039,5191,633
1761715911,0000004000000002,17241662008,5191,634
1761715912,0000001000000080,17258046041,5191,635
1761715914,0000001000000004,17274356499,5191,636
1761715914,0000000800000004,17274807653,5192,637
1761715914,0000000100000008,17276691998,5192,638
1761715916,0000004000000080,17290534023,5191,639
1761715917,0000004000000080,17304032158,5191,640
1761715919,0000000200000001,17321614842,5191,641
1761715919,0000000100000080,17326137230,5191,642
1761715923,0000000800000004,17362195789,5191,643
1761715926,0000004000000004,17394846264,5191,644
1761715930,0000002000000080,17434610697,5192,645
1761715934,0000008000000080,17471986268,5192,646
1761715935,0000002000000080,17485747763,5191,647
1761715938,0000008000000004,17513290958,5192,648
1761715940,0000008000000004,17536292418,5191,649
1761715940,0000000200000002,17538090137,5192,650
1761715944,0000004000000008,17578538324,5191,651
1761715948,0000004000000002,17617502162,5192,652
1761715950,0000002000000002,17636187964,5192,653
1761715957,0000001000000004,17702710147,5192,654
1761715959,0000004000000010,17722074788,5192,655
1761715959,0000004000000001,17726630345,5191,656
1761715959,0000004000000004,17726966634,5192,657
1761715961,0000000800000040,17746983768,5191,658
1761715964,0000000200000004,17772788316,5191,659
1761715964,0000000800000004,17777014965,5192,660
1761715965,0000000100000004,17788652547,5192,661
1761715966,0000001000000010,17796085769,5192,662
1761715968,0000000800000020,17820214048,5192,663
1761715969,0000000400000001,17827870767,5191,664
1761715971,0000001000000001,17848374726,5192,665
1761715978,0000000400000001,17915855285,5191,666
1761715979,0000002000000010,17927309788,5191,667
1761715980,0000000400000001,17933188618,5191,668
1761715980,0000000400000008,17935885924,5191,669
1761715982,0000004000000080,17954835116,5192,670
1761715984,0000001000000004,17971392426,5192,671
1761715985,0000000400000002,17989315137,5192,672
1761715986,0000008000000080,17995217836,5192,673
1761715986,0000000200000002,17999887847,5192,674
1761715987,0000004000000004,18004312431,5192,675
1761715988,0000008000000004,18012509991,5192,676
1761715989,0000001000000001,18024958562,5192,677
1761715989,0000000100000001,18025281138,5191,678
1761715990,0000001000000080,18039803120,5192,679
1761715991,0000000100000004,18048509938,5191,680
1761715993,0000001000000001,18061450951,2192,681
1761715994,0000008000000020,18073403021,5192,682
1761715996,0000000100000001,18090881305,5191,683
1761715997,0000001000000004,18104503997,5191,684
1761715999,0000000100000001,18123809504,5191,685
1761715999,0000008000000080,18127398011,5192,686
1761716001,0000000800000002,18141786341,5192,687
1761716003,0000000100000003,18161275696,5191,688
1761716004,0000000100000080,18171229237,5191,689
1761716004,0000000100000020,18171275561,5191,690
1761716004,0000000100000004,18174616394,5192,691
1761716009,0000008000000002,18225772975,5192,692
1761716014,0000008000000004,18273902490,5191,693
1761716014,0000004000000004,18274627421,5192,694
1761716019,0000000400000001,18322944057,5191,695
1761716022,0000000400000004,18356070343,5192,696
1761716023,0000001000000020,17290920212,5192,697
1761716026,0000000100000001,18395665404,5191,698
1761716029,0000000100000080,18420962605,5191,699
1761716030,0000002000000080,18438597431,5191,700
1761716033,0000004000000008,18465746207,5192,701
1761716035,0000000200000008,18483219364,5191,702
1761716038,0000000800000010,18511433685,5191,703
1761716038,0000002000000040,18516782892,5191,704
1761716039,0000008000000010,18521285131,5191,705
1761716041,0000000800000080,18543142443,5191,706
1761716043,0000000100000008,18564853107,5191,707
1761716045,0000004000000001,18584468096,5191,708
1761716050,0000008000000080,18631625405,5191,709
1761716050,0000002000000020,18635419827,5192,710
1761716051,0000004000000080,18648331259,5191,711
1761716052,0000002000000004,18659090246,5191,712
1761716053,0000008000000008,18664384001,5191,713
1761716054,0000002000000008,18674669673,5191,714
1761716054,0000000100000002,18679472785,5191,715
1761716057,0000000100000002,18704524095,5191,716
1761716058,0000000100000002,18716393257,5191,717
1761716058,0000001000000001,18719957977,5191,718
1761716060,0000000200000010,18732490633,5191,719
1761716061,0000000400000008,18741189320,5191,720
1761716061,0000000400000080,18744729469,5191,721
1761716061,0000000400000001,18747802284,5192,722
1761716062,0000001000000040,18757512282,5191,723
1761716063,0000000800000080,18768566242,5192,724
1761716064,0000004000000080,18774030388,5191,725
1761716064,0000008000000008,18780307147,5192,726
1761716066,0000000100000080,18791975528,5191,727
1761716066,0000000400000008,18799824754,5191,728
1761716069,0000000200000020,18822355644,5191,729
1761716070,0000000800000008,18830861179,5191,730
1761716071,0000000100000010,18844301798,5191,731
1761716075,0000004000000004,18888556960,5191,732
1761716076,0000008000000080,18892229882,5191,733
1761716076,0000004000000004,18896267953,5191,734
1761716079,0000004000000080,18920535198,5191,735
1761716081,0000000100000002,18944984877,5191,736
1761716082,0000002000000008,18959378225,5191,737
1761716084,0000000400000004,18978314725,5191,738
1761716086,0000001000000008,18993811002,5191,739
1761716089,0000000400000020,19020811547,5192,740
1761716089,0000000100000001,19027609738,5192,741
1761716092,0000008000000080,19053783636,5191,742
1761716094,0000002000000008,19078548420,5192,743
1761716095,0000000400000001,19083106035,5191,744
1761716096,0000008000000080,19092116651,5191,745
1761716097,0000008000000004,19101280430,5192,746
1761716102,0000001000000080,19152337923,5192,747
1761716104,0000008000000040,19170751104,5191,748
1761716104,0000008000000008,19179198004,5191,749
1761716105,0000000100000010,19180830368,5192,750
1761716105,0000000100000010,19189841942,5192,751
1761716106,0000000200000004,19200038132,5191,752
1761716107,0000000400000008,19208106176,5191,753
1761716108,0000001000000020,19216477495,5191,754
1761716109,0000008000000002,19221629456,5191,755
1761716112,0000008000000001,19253237129,5191,756
1761716113,0000000400000001,19260770588,5191,757
1761716118,0000000100000004,19313601130,5192,758
1761716118,0000000200000008,19316984546,5192,759
1761716119,0000004000000004,19321772281,5192,760
1761716119,0000000200000040,19324115944,5192,761
1761716120,0000001000000001,19334503168,5192,762
1761716120,0000000400000010,19337748940,5192,763
1761716121,0000000400000040,19346025353,5192,764
1761716122,0000000100000010,19357587744,5191,765
1761716123,0000001000000080,19362019143,5192,766
1761716124,0000000100000004,19376892011,5191,767
1761716126,0000000100000001,19392259243,5191,768
1761716126,0000000100000020,19397513652,5191,769
1761716129,0000008000000080,19420824724,5191,770
1761716129,0000000200000010,19425183198,5191,771
1761716132,0000008000000080,19454462102,5191,772
1761716133,0000000100000020,19468465249,5192,773
1761716134,0000001000000010,19476734074,5191,774
1761716134,0000000800000080,19476954094,2191,775
1761716137,0000000100000008,19500648345,5192,776
1761716142,0000000800000002,19555691936,5191,777
1761716143,0000008000000080,19566610871,5191,778
1761716144,0000000100000001,19570488408,5192,779
1761716144,0000000800000001,19574306214,5191,780
1761716152,0000002000000001,19658497809,5191,781
1761716157,0000000100000008,19708820885,5192,782
1761716161,0000001000000080,19743415083,5192,783
1761716161,0000000200000004,19750245862,5192,784
1761716163,0000008000000080,19763762426,5192,785
1761716165,0000001000000080,19789582958,5192,786
1761716166,0000008000000080,19789728757,5191,787
1761716166,0000002000000002,19794988291,5191,788
1761716167,0000008000000002,19809653539,5192,789
1761716170,0000008000000010,19837595628,5191,790
1761716171,0000004800000001,19841503706,5192,791
1761716173,0000004000000001,19865117336,5191,792
1761716175,0000004000000080,19885733660,5192,793
1761716175,0000000200000080,19886421397,5192,794
1761716175,0000004000000004,19890212050,5191,795
1761716178,0000008000000080,19910716919,5192,796
1761716180,0000000400000008,19938048490,5192,797
1761716181,0000000400000001,19943115989,5191,798
1761716181,0000004000000080,19948136521,5192,799
1761716188,0000000800000008,20014190739,5192,800
1761716191,0000004000000004,20042327410,5192,801
1761716193,0000008000000040,20063547983,5192,802
1761716200,0000000800000040,20137953975,5191,803
1761716203,0000004000000008,20161123513,5191,804
1761716204,0000000800000008,20173429632,5192,805
1761716212,0000001000000004,20257573599,5191,806
1761716213,0000000100000020,20268613767,5191,807
1761716214,0000000100000010,20271749735,5191,808
1761716214,0000000100000004,20277134677,5191,809
1761716215,0000000800000004,20282261235,5191,810
1761716216,0000002000000080,20297617777,5191,811
1761716222,0000008000000001,20354143200,5191,812
1761716224,0000002000000020,20376913748,5191,813
1761716225,0000000200000008,20380948142,5192,814
1761716226,0000000800000040,20390442304,5192,815
1761716228,0000008000000080,20415959743,5191,816
1761716230,0000002000000040,20436783660,5191,817
1761716232,0000004000000001,20451053497,5192,818
1761716233,0000000100000001,20461624008,5191,819
1761716233,0000002000000040,20466363352,5192,820
1761716234,0000004000000010,20470431968,5192,821
1761716237,0000004000000002,20503307622,5191,822
1761716239,0000001000000020,20521129336,5191,823
1761716240,0000000800000008,20537892369,5191,824
1761716240,0000004000000008,20539301543,5191,825
1761716245,0000008000000001,20583051556,5191,826
1761716245,0000000400000040,20584478056,5192,827
1761716245,0000000100000002,20586421285,5192,828
1761716246,0000008000000004,20596170267,5191,829
1761716249,0000008000000040,20624123156,5191,830
1761716249,0000000400000002,20629158238,5191,831
1761716250,0000000200000080,20631115297,5192,832
1761716250,0000008000000001,20632927865,5192,833
1761716251,0000002000000004,20640543485,5191,834
1761716251,0000000200000080,20649976013,5191,835
1761716253,0000008000000004,20661791629,5191,836
1761716255,0000000100000001,20684806438,5191,837
1761716256,0000000800000010,20691268505,5191,838
1761716257,0000000800000010,20706950262,5191,839
1761716258,0000008000000008,20716313556,5192,840
1761716258,0000000400000001,20717257180,5192,841
1761716259,0000004000000002,20724087787,5191,842
1761716264,0000000400000010,20777475997,5191,843
1761716269,0000000800000008,20820908660,5191,844
1761716270,0000008000000004,20837772312,5191,845
1761716276,0000000100000001,20891760227,5192,846
1761716284,0000002000000002,20977583644,5192,847
1761716286,0000000200000001,20991960493,5191,848
1761716286,0000000400000002,20996554035,5192,849
1761716288,0000000400000002,21012906215,5191,850
1761716288,0000008000000001,21016702924,5191,851
1761716288,0000001000000080,21017357532,5192,852
1761716292,0000000100000010,21052139352,5191,853
1761716294,0000000200000001,21078273737,5191,854
1761716295,0000000100000001,21084026645,5191,855
1761716298,0000000100000008,21118295969,5191,856
1761716300,0000001000000080,21139625436,5191,857
1761716301,0000001000000004,21146233211,5192,858
1761716303,0000008000000080,21165293650,5192,859
1761716306,0000004000000002,21193205910,5191,860
1761716307,0000002000000008,21204231706,5192,861
1761716309,0000000200000040,21220769034,5192,862
1761716310,0000000200000080,21232371783,5191,863
1761716312,0000000100000002,21252162743,5191,864
1761716313,0000008000000080,21261969022,5192,865
1761716314,0000000100000001,21275075100,5191,866
1761716316,0000002000000040,21299443063,5191,867
1761716319,0000001000000004,21324483458,5192,868
1761716319,0000004000000010,21325888902,5185,869
1761716320,0000008000000002,21336025289,5191,870
1761716320,0000000100000001,21337040445,5191,871
1761716321,0000000400000080,21345794289,5191,872
1761716325,0000002000000080,21386722852,5191,873
1761716325,0000004000000004,21389749628,5192,874
1761716326,0000000800000001,21390311793,5192,875
1761716330,0000000100000001,21432126201,5192,876
1761716331,0000000200000080,21443911005,5192,877
1761716332,0000000400000080,21452851878,5191,878
1761716332,0000000100000010,21455094792,5192,879
1761716333,0000000100000010,21468858889,5191,880
1761716334,0000000400000004,21477090690,5192,881
1761716339,0000000800000004,21523420448,5192,882
1761716343,0000000100000004,21569144331,5191,883
1761716344,0000000100000002,21575841230,5192,884
1761716347,0000000400000080,21604583725,5192,885
1761716347,0000002000000010,21608157849,5192,886
1761716349,0000008000000002,21626735528,5191,887
1761716351,0000004000000002,21649583581,5192,888
1761716352,0000008000000020,21650374178,5192,889
1761716352,0000000100000001,21650488114,5192,890
1761716353,0000004000000080,21667148547,5191,891
1761716354,0000000100000004,21674251824,5192,892
1761716355,0000000100000001,21682506878,5192,893
1761716359,0000000100000008,21723424648,5192,894
1761716359,0000000200000080,21726515514,5192,895
1761716360,0000004000000040,21731608934,5192,896
1761716363,0000000400000001,21763954414,5191,897
1761716363,0000004000000008,21766892762,5192,898
1761716367,0000004000000001,21800363168,5192,899
1761716370,0000004000000008,21830811065,5192,900
1761716370,0000000100000008,21836535457,5192,901
1761716374,0000000100000004,21872183835,5192,902
1761716376,0000000200000004,21892007652,5192,903
1761716378,0000000200000080,21916561171,5192,904
1761716379,0000004000000001,21925921731,5191,905
1761716384,0000000100000080,21978541784,5192,906
1761716387,0000000100000001,22009079388,5192,907
1761716387,0000000800000002,22009721250,5192,908
1761716388,0000000800000020,22019445117,5192,909
1761716390,0000008000000004,22031117275,5192,910
1761716394,0000000400000008,22072698812,5191,911
1761716394,0000000100000010,22077597704,5191,912
1761716396,0000001000000010,22099052192,5192,913
1761716396,0000008000000001,22099316413,5192,914
1761716398,0000002000000004,22111411182,5192,915
1761716398,0000008000000004,22114589948,5192,916
1761716399,0000001000000001,22120886374,5192,917
1761716404,0000002000000004,22173360129,5192,918
1761716404,0000000100000080,22180189742,5192,919
1761716405,0000000400000010,22182193192,5192,920
1761716406,0000004000000010,22190297340,5192,921
1761716407,0000001000000080,22205486755,5191,922
1761716408,0000000100000010,22214271276,5192,923
1761716410,0000004000000002,22233140947,5192,924
1761716414,0000004000000080,22275701689,5191,925
1761716415,0000001000000080,22289558924,5191,926
1761716416,0000008000000008,22290290141,5192,927
1761716418,0000004000000004,22319584678,5191,928
1761716420,0000000800000002,22331618356,5191,929
1761716420,0000008000000002,22332943377,5192,930
1761716433,0000002000000008,22465746245,5192,931
1761716438,0000008000000004,22515319474,5192,932
1761716438,0000001000000004,22516675756,5192,933
1761716440,0000000400000020,22535729425,5192,934
1761716440,0000000400000002,22537550962,5192,935
1761716441,0000000400000008,22543312161,5192,936
1761716441,0000000800000040,22547298453,5192,937
1761716445,0000000800000080,22586105531,5191,938
1761716446,0000000800000004,22590970047,5192,939
1761716446,0000000400000002,22594911728,5192,940
1761716446,0000004000000040,22599869515,5192,941
1761716447,0000000200000080,22606376314,5192,942
1761716449,0000008000000080,22620292067,5192,943
1761716449,0000000100000020,22624952100,5192,944
1761716450,0000008000000002,22634304543,5192,945
1761716458,0000000800000080,22714933828,5192,946
1761716461,0000008000000080,22749097872,5192,947
1761716462,0000004000000002,22752429449,5191,948
1761716469,0000000200000008,22822770486,5191,949
1761716471,0000000800000008,22847292299,5191,950
1761716471,0000000100000002,22849790635,5192,951
1761716473,0000000100000002,22866612831,5191,952
1761716474,0000000800000001,22879945721,5192,953
1761716475,0000000100000002,22882589157,5191,954
1761716479,0000000800000004,22929509483,5192,955
1761716480,0000008000000004,22932271079,5191,956
1761716483,0000008000000080,22962269853,5192,957
1761716484,0000004000000080,22972632323,5192,958
1761716485,0000008000000001,22982748621,5192,959
1761716485,0000000200000008,22983391142,5192,960
1761716486,0000000800000040,22990993629,5191,961
1761716486,0000002000000004,22993895711,5192,962
1761716486,0000008000000001,22998901358,5191,963
1761716494,0000008000000080,23072750606,5192,964
1761716494,0000008000000002,23080032137,5192,965
1761716496,0000000100000001,23097932504,5192,966
1761716499,0000004000000004,23124782815,5191,967
1761716501,0000008000000020,23148489598,5191,968
1761716502,0000004000000040,23156002525,5192,969
1761716505,0000000100000008,23183774300,5191,970
1761716507,0000000400000040,23202778240,5192,971
1761716509,0000000100000001,23222363104,5191,972
1761716510,0000000100000002,23231355858,5191,973
1761716510,0000000100000001,23236737786,5191,974
1761716513,0000000800000010,23269103966,5192,975
1761716515,0000008000000008,23283227631,5191,976
1761716518,0000004000000004,23317442921,5192,977
1761716519,0000000200000040,23323715956,5192,978
1761716519,0000001000000008,23325841036,5192,979
1761716520,0000000400000004,23331558520,5192,980
1761716523,0000000100000080,23363522893,5192,981
1761716524,0000001000000004,23376546418,5192,982
1761716525,0000008000000080,23389426971,5191,983
1761716526,0000000100000010,23397140146,5192,984
1761716530,0000000400000002,23432897937,5192,985
1761716532,0000004000000020,23453142931,5192,986
1761716532,0000001000000010,23455567714,5192,987
1761716533,0000008000000080,23466424137,5192,988
1761716534,0000008000000080,23478417725,5192,989
1761716536,0000004000000004,23496645534,5192,990
1761716543,0000000800000002,23568208318,5192,991
1761716548,0000000100000008,23614443875,5191,992
1761716549,0000000200000001,23626315308,5191,993
1761716549,0000001000000002,23627950824,5191,994
1761716553,0000000100000010,23660844591,5191,995
1761716556,0000002000000002,23698542046,5191,996
1761716556,0000000400000001,23700058496,5191,997
1761716558,0000000100000002,23719701163,5191,998
1761716560,0000000400000001,23733495204,5191,999
1761716562,0000004000000010,23756558266,5191,1000
1761716563,0000002000000004,23760889416,5191,1001
1761716563,0000008000000008,23766909311,5191,1002
1761716565,0000008000000080,23781208272,5192,1003
1761716565,0000008000000080,23788484189,5192,1004
1761716568,0000000800000004,23811869782,5191,1005
1761716571,0000000100000001,23847842475,5191,1006
1761716574,0000001000000010,23872765739,5191,1007
1761716574,0000004000000004,23878724843,5191,1008
1761716575,0000004000000008,23885228878,5192,1009
1761716576,0000000800000004,23895782811,5191,1010
1761716576,000000800000000a,23899247763,5191,1011
1761716577,0000000800000008,23901402664,5191,1012
1761716584,0000004000000001,23970511108,5191,1013
1761716584,0000004000000008,23977267186,5191,1014
1761716585,0000000800000001,23983723041,5192,1015
1761716587,0000004000000008,24005214693,5191,1016
1761716589,0000004000000002,24022166332,5191,1017
1761716592,0000000100000002,24054753379,5191,1018
1761716593,0000001000000040,24060580080,5191,1019
1761716597,0000008000000008,24101188816,5191,1020
1761716597,0000000200000040,24103494687,5192,1021
1761716597,0000001000000040,24105342568,5192,1022
1761716597,0000008000000080,24108860475,5191,1023
1761716599,0000000800000002,24124717507,5191,1024
1761716601,0000001000000040,24143908294,5191,1025
1761716603,0000002000000002,24169148864,5192,1026
1761716604,0000002000000004,24175022048,5191,1027
1761716605,0000000200000008,24180881540,5191,1028
1761716608,0000000100000002,24216038937,5191,1029
1761716611,0000004000000008,24241093532,5192,1030
1761716611,0000000100000080,24247872077,5191,1031
1761716614,0000000200000008,24278078573,5191,1032
1761716615,0000008000000008,24281229448,5192,1033
1761716615,0000000100000020,24283595255,5192,1034
1761716620,0000000100000001,24334588329,5192,1035
1761716621,0000000400000001,24344314388,5191,1036
1761716621,0000000800000004,24345659576,5192,1037
1761716625,0000000400000040,24387291523,5192,1038
1761716626,0000001000000010,24392623916,5192,1039
1761716626,0000000800000008,24392687941,5192,1040
1761716627,0000000800000001,24404901792,5191,1041
1761716629,0000000400000008,24422333182,5191,1042
1761716629,0000008000000020,24424183206,5192,1043
1761716629,0000000200000001,24427223831,5192,1044
1761716631,0000000100000001,24450136688,5192,1045
1761716633,0000004100000002,24466963077,5192,1046
1761716634,0000000100000083,24471485538,5192,1047
1761716641,0000000100000004,24546580304,5191,1048
1761716644,0000000800000008,24570599848,5192,1049
1761716646,0000008000000080,24598109663,5192,1050
1761716649,0000000100000002,24627982469,5191,1051
1761716653,0000000400000080,24667404177,5192,1052
1761716655,0000000200000004,24684488086,5191,1053
1761716656,0000000800000008,24694912455,5192,1054
1761716657,0000000400000001,24703585201,5192,1055
1761716659,0000008000000020,24725821059,5192,1056
1761716661,000000c000000080,24743057533,5192,1057
1761716663,0000001000000040,24760322243,5192,1058
1761716663,0000000400000020,24765308551,5192,1059
1761716664,0000000100000080,24777491160,5192,1060
1761716664,0000000200000080,24779835389,5192,1061
1761716667,0000000100000008,24802221006,5192,1062
1761716669,0000000800000004,24822003897,5192,1063
1761716673,0000000400000040,24867522532,5192,1064
1761716673,0000008000000002,24869616062,5192,1065
1761716678,0000008000000004,24912261178,5191,1066
1761716679,0000000400000040,24927475904,5192,1067
1761716679,0000008000000020,23854027593,5192,1068
1761716680,0000000100000001,24930631449,5192,1069
1761716680,0000000200000020,23859988118,5191,1070
1761716682,0000000200000080,24950459667,5191,1071
1761716687,0000000400000010,25009237154,5192,1072
1761716689,0000008000000040,25025165779,5191,1073
1761716690,0000000800000008,25040016019,5191,1074
1761716693,0000008000000004,25065899847,5191,1075
1761716695,0000004000000010,25082480339,5191,1076
1761716697,0000000400000001,25109972719,5192,1077
1761716699,0000000200000004,25125907974,5191,1078
1761716699,0000008800000008,25128341557,5191,1079
1761716702,0000000100000001,25157357402,5192,1080
1761716704,0000004800000080,25174534677,5192,1081
1761716712,0000000100000002,25250303255,5192,1082
1761716712,0000004000000080,25258138129,5191,1083
1761716713,0000004000000001,25261262275,5192,1084
1761716713,0000004000000080,25262625985,5192,1085
1761716713,0000000800000008,25269523590,5192,1086
1761716714,0000004000000080,25276271615,5192,1087
1761716718,0000004000000004,25310196631,5192,1088
1761716719,0000002000000010,25321679068,5192,1089
1761716719,0000000100000040,25326312222,5192,1090
1761716719,0000000200000008,25326912705,5191,1091
1761716721,0000000800000004,25349020374,5192,1092
1761716722,0000000100000001,25356929333,5192,1093
1761716723,0000008000000001,25369229481,5192,1094
1761716728,0000008000000080,25415541013,5192,1095
1761716728,0000000100000003,25419891081,5191,1096
1761716729,0000001000000002,25424344093,5192,1097
1761716729,0000008000000001,25426531261,5192,1098
1761716730,0000008000000080,25437732267,5192,1099
1761716731,0000000800000004,25441861399,5191,1100
1761716731,0000000400000001,25446976181,5192,1101
1761716732,0000000100000001,25456189612,5192,1102
1761716733,0000008000000002,25468807332,5192,1103
1761716738,0000004000000004,25512568837,5192,1104
1761716739,0000000800000001,25524293764,5192,1105
1761716744,0000008000000002,25574849429,5192,1106
1761716744,0000000200000008,25575758084,5191,1107
1761716748,0000000100000010,25620027828,5191,1108
1761716749,0000000800000001,25627909778,5192,1109
1761716750,0000000100000001,25634810713,5192,1110
1761716751,0000000200000040,25640783508,5192,1111
1761716751,0000000100000001,25649615792,5192,1112
1761716753,0000000800000004,25667942217,5192,1113
1761716754,0000001000000080,25678427637,5191,1114
1761716758,0000000800000002,25711581799,5192,1115
1761716758,0000004000000008,25715525873,5192,1116
1761716759,0000000100000008,25723517596,5192,1117
1761716762,0000002000000008,25750976201,5192,1118
1761716762,0000000200000001,25751012840,5192,1119
1761716767,0000002000000002,25801622260,5191,1120
1761716769,0000004000000040,25827193852,5198,1121
1761716769,0000000400000008,25828954373,5192,1122
1761716770,0000000800000008,25833025749,5192,1123
1761716770,0000000200000001,25837299150,5192,1124
1761716771,0000004000000002,25843980425,5191,1125
1761716775,0000000400000001,25888223097,5192,1126
1761716776,0000001000000001,25900114830,5192,1127
1761716777,0000002000000001,25905252822,5192,1128
1761716777,0000000400000080,25906384538,5192,1129
1761716779,0000000100000002,25921047716,5191,1130
1761716779,0000002000000080,25929384564,5192,1131
1761716781,0000004000000080,25949250343,5192,1132
1761716783,0000004000000001,25960891338,5192,1133
1761716783,0000000200000001,25965462071,5192,1134
1761716785,0000000200000008,25986863505,5192,1135
1761716786,0000000400000004,25994677691,5192,1136
1761716786,0000004000000002,25995510284,5192,1137
1761716786,0000000100000020,25997961891,5192,1138
1761716787,0000000400000008,26002023989,5192,1139
1761716787,0000002000000080,26007872015,5192,1140
1761716789,0000002000000001,26027540981,5191,1141
1761716791,0000004000000080,26043686675,5192,1142
1761716793,0000000100000001,26068085418,5192,1143
1761716794,0000001000000008,26075964494,5192,1144
1761716794,0000000100000008,26077015349,5192,1145
1761716795,0000000100000002,26086400197,5192,1146
1761716798,0000008000000004,26113889578,5191,1147
1761716802,0000000100000020,26158450649,5192,1148
1761716803,0000000100000001,26167753596,5192,1149
1761716805,0000000800000020,26180931695,5192,1150
1761716808,0000000100000002,26219735446,5192,1151
1761716809,0000000800000040,26222020042,5192,1152
1761716809,0000004000000010,26225467798,5192,1153
1761716810,0000000800000002,26237919593,5192,1154
1761716810,0000002000000040,26239211431,5192,1155
1761716811,0000000200000008,26245071739,5192,1156
1761716813,0000000800000080,26264412040,5192,1157
1761716814,0000008000000001,26272555190,5191,1158
1761716814,0000004000000008,26279214675,5192,1159
1761716815,0000000100000002,26283745918,5192,1160
1761716822,0000000100000004,26354488070,5192,1161
1761716823,0000008000000010,26360289669,5192,1162
1761716824,0000000400000040,26378993246,5192,1163
1761716826,0000000400000001,26395321833,5191,1164
1761716827,0000001000000004,26404221120,5192,1165
1761716829,0000000200000004,26421169066,5192,1166
1761716829,0000000100000080,26427304681,5191,1167
1761716830,0000000300000004,26434112124,5191,1168
1761716832,0000008000000008,26451738681,5191,1169
1761716832,0000000100000008,26458475191,5192,1170
1761716836,0000008000000008,26500091786,5191,1171
1761716842,0000001000000040,26550565860,5191,1172
1761716842,0000000100000004,26553003363,5192,1173
1761716844,0000008000000080,26576036149,5191,1174
1761716846,0000001000000004,26597854436,5192,1175
1761716852,0000001000000001,26654622581,5191,1176
1761716852,0000000100000004,26658463887,5191,1177
1761716852,0000000200000080,26659818798,5191,1178
1761716854,0000000100000040,26677517517,5191,1179
1761716855,0000000100000040,26682617414,5192,1180
1761716856,0000004000000008,26698337546,5191,1181
1761716858,0000000200000040,26714959455,5191,1182
1761716858,0000008000000008,26715209654,5192,1183
1761716861,0000000200000001,26745137663,5192,1184
1761716863,0000000100000040,26767751571,5191,1185
1761716865,0000002000000001,26780750183,5191,1186
1761716866,0000000200000010,26791789473,5191,1187
1761716866,0000008000000002,26791891818,5191,1188
1761716867,0000008000000020,26803734796,5191,1189
1761716868,0000004000000002,26810578105,5192,1190
1761716868,0000000800000001,26817026109,5191,1191
1761716875,0000001000000010,26883103643,5191,1192
1761716876,0000000100000080,26890433107,5191,1193
1761716876,0000008000000002,26891472763,5192,1194
1761716877,0000000100000080,26907647805,5192,1195
1761716879,0000004000000002,26926798989,5192,1196
1761716880,0000000100000010,26936701591,5192,1197
1761716885,0000000100000040,26989152938,5192,1198
1761716890,0000002000000008,27030268678,5192,1199
1761716890,0000004000000004,27036850064,5192,1200
1761716894,0000000400000004,27076711294,5192,1201
1761716894,0000000100000080,27078182108,5192,1202
1761716894,0000000400000040,27079799488,5192,1203
1761716895,0000000400000002,27085109860,5192,1204
1761716899,0000004000000040,27128699721,5192,1205
1761716900,0000008000000080,27138187443,5191,1206
1761716904,0000000100000080,27172460095,5192,1207
1761716904,0000000100000004,27179219657,5192,1208
1761716905,0000001000000020,27184572193,5192,1209
1761716906,0000008000000008,27196931502,5192,1210
1761716907,0000000100000004,27208069357,5191,1211
1761716909,0000008000000080,27224906206,5192,1212
1761716909,0000004000000008,27228375103,5192,1213
1761716911,0000008000000080,27245226528,5191,1214
1761716911,0000002000000010,27246400486,5192,1215
1761716913,0000000800000080,27261066683,5192,1216
1761716913,0000008000000080,27261584483,5192,1217
1761716913,0000004000000010,27265720457,5192,1218
1761716913,0000002000000002,27266361480,5192,1219
1761716916,0000000200000004,27297189105,5192,1220
1761716918,0000000100000001,27310465865,5191,1221
1761716918,0000001000000020,27316491128,5191,1222
1761716919,0000004000000004,27320778375,5192,1223
1761716919,0000000100000002,27326785537,5192,1224
1761716924,0000004000000001,27373342361,5191,1225
1761716924,0000000800000004,27375842396,5191,1226
1761716927,0000002000000040,27401844033,5191,1227
1761716927,0000004000000080,27409713520,5191,1228
1761716929,0000000400000004,27426652132,5192,1229
1761716930,0000000800000004,27435912859,5192,1230
1761716934,0000004000000040,27470679400,5192,1231
1761716935,0000000100000001,27482085295,5192,1232
1761716938,0000002000000002,27511583083,5192,1233
1761716939,0000000100000010,27523511476,5192,1234
1761716940,0000002000000040,27540002761,5192,1235
1761716941,0000000200000010,27541224151,5192,1236
1761716942,0000000100000002,27551245693,5192,1237
1761716944,0000004000000002,27573385343,5192,1238
1761716946,0000000800000004,27592289042,5191,1239
1761716948,0000000800000080,27616935363,5192,1240
1761716949,0000008000000010,27629933582,5191,1241
1761716950,0000000200000008,27635308630,5191,1242
1761716952,0000008000000080,27656143664,5192,1243
1761716958,0000000100000002,27718879081,5192,1244
1761716960,0000000800000080,27735549003,5191,1245
1761716960,0000004000000004,27736578480,5192,1246
1761716963,0000008000000080,27762203540,5192,1247
1761716966,0000000100000001,27799031942,5192,1248
1761716968,0000000200000001,27815939602,5192,1249
1761716971,0000000400000080,27843542828,5192,1250
1761716971,0000008000000020,27849441956,5192,1251
1761716972,0000004000000004,27850534058,5192,1252
1761716972,0000000800000001,27857249825,5192,1253
1761716974,0000000100000002,27874582669,5192,1254
1761716975,0000002000000001,27880211016,5192,1255
1761716976,0000000100000002,27895784306,5191,1256
1761716981,0000008000000080,27943850725,5192,1257
1761716981,0000004000000002,27947297306,5192,1258
1761716982,0000008000000004,27957730660,5192,1259
1761716986,0000000400000001,27999203170,5191,1260
1761716987,0000000400000002,28005797203,5192,1261
1761716990,0000008000000080,28037153336,5191,1262
1761716990,0000008000000004,28037656951,5192,1263
1761716992,0000000100000010,28051674199,5191,1264
1761716992,0000000800000080,28051767473,5191,1265
1761716992,0000000100000001,28052974117,5192,1266
1761716992,0000000100000010,28055825018,5192,1267
1761716993,0000001000000002,28069763953,5192,1268
1761717001,0000008000000002,28146272653,5191,1269
1761717002,0000000100000004,28152554652,5192,1270
1761717002,0000000800000002,28154911901,5192,1271
1761717004,0000000200000080,28179023958,5192,1272
1761717008,0000004000000008,28216120433,5192,1273
1761717009,0000004000000001,28226192035,5192,1274
1761717010,0000008000000010,28230687322,5192,1275
1761717010,0000000400000010,28234232368,5192,1276
1761717015,0000000800000004,28282721536,5192,1277
1761717015,0000002000000002,28282891075,5192,1278
1761717019,0000000800000004,28325163871,5192,1279
1761717020,0000002000000008,28332920187,5192,1280
1761717022,0000008000000002,28350799046,5192,1281
1761717025,0000000200000001,28384511049,5192,1282
1761717025,0000000500000001,28384709834,5192,1283
1761717025,0000002000000001,28386308584,5192,1284
1761717026,0000000100000001,28390422713,5192,1285
1761717026,0000000800000004,28390617245,5192,1286
1761717027,0000000200000001,28402475347,5191,1287
1761717028,0000000200000002,28417189065,5192,1288
1761717036,0000000400000008,28491054664,5192,1289
1761717036,0000000200000002,28498432088,5192,1290
1761717039,0000000200000010,28524096622,5191,1291
1761717041,0000008000000008,28549462202,5192,1292
1761717045,0000000100000040,28589808094,5192,1293
1761717047,0000002000000040,28605915796,5192,1294
1761717048,0000004000000040,28619164590,5192,1295
1761717049,0000004000000008,28620164877,5192,1296
1761717051,0000000100000001,28642927935,5192,1297
1761717052,0000000800000004,28654379681,5192,1298
1761717053,0000000100000001,28668966923,5192,1299
1761717056,0000000200000008,28696282725,5192,1300
1761717059,0000000800000004,28728305862,5192,1301
1761717060,0000000200000008,28730682478,5192,1302
1761717061,0000004000000001,28743034652,5191,1303
1761717064,0000002000000004,28771005565,5192,1304
1761717067,0000000800000020,19405382146,5191,1305
1761717069,0000000200000001,28821842623,5192,1306
1761717070,0000004000000020,28836729380,5192,1307
1761717076,0000001000000020,28898301436,5192,1308
1761717080,0000000200000003,28933482252,5192,1309
1761717082,0000008000000004,28959087223,5192,1310
1761717084,0000008000000004,28975310747,5192,1311
1761717085,0000004000000008,28988922760,5192,1312
1761717086,0000000200000080,28993422431,5192,1313
1761717086,0000008000000004,28996169101,5192,1314
1761717093,0000000400000002,29063556517,5192,1315
1761717093,0000000100000002,29069837908,5192,1316
1761717096,0000004000000040,29094946833,5192,1317
1761717098,0000004000000001,29112980381,5192,1318
1761717099,0000004000000080,29129000523,5192,1319
1761717099,000000c000000080,29129560728,5192,1320
1761717100,0000002000000004,29132236894,5192,1321
1761717106,0000008000000080,29194357418,5192,1322
1761717107,0000000100000080,29203321799,5192,1323
1761717108,0000002000000010,29215642481,5192,1324
1761717111,0000002000000001,29244443427,5191,1325
1761717112,0000000400000002,29256382088,5192,1326
1761717114,0000008000000080,29271939457,5192,1327
1761717115,0000000800000040,29283385495,5192,1328
1761717115,0000001000000008,29286407799,5192,1329
1761717115,0000000200000008,29286898080,5192,1330
1761717118,0000000800000008,29314582277,5192,1331
1761717123,0000004000000008,29363780510,5192,1332
1761717123,0000008000000004,29365547795,5192,1333
1761717123,0000000800000040,29365580901,5192,1334
1761717124,0000008000000010,29379556099,5192,1335
1761717131,0000004000000004,29444466845,5192,1336
1761717132,0000000400000004,29455616858,5192,1337
1761717132,0000002000000001,29459894263,5192,1338
1761717134,0000001000000040,29472922362,5192,1339
1761717134,0000008000000080,29474429545,5192,1340
1761717134,0000002000000080,29476459875,5192,1341
1761717136,0000002000000040,29490988273,5192,1342
1761717136,0000000800000004,29491872125,5192,1343
1761717137,0000000100000001,29507166738,5192,1344
1761717141,0000008000000001,29542478702,5192,1345
1761717143,0000001000000008,29563350458,5192,1346
1761717143,0000000100000003,29565322931,5192,1347
1761717143,0000000100000001,29568400873,5192,1348
1761717146,0000001000000080,29595465506,5192,1349
1761717148,0000001000000040,29610674704,5192,1350
1761717149,0000000400000008,29625996223,5192,1351
1761717152,0000000400000040,29657488377,5192,1352
1761717155,0000008000000001,29684596018,5192,1353
1761717155,0000000200000010,29688541504,5192,1354
1761717158,0000008000000080,29713611081,5192,1355
1761717159,0000001000000004,29726407740,5192,1356
1761717160,0000000800000004,29730256075,5192,1357
1761717161,0000000400000001,29745563834,5192,1358
1761717161,0000000800000001,29747285143,5192,1359
1761717161,0000000100000001,29748066378,5192,1360
1761717162,0000001000000040,29756678440,5192,1361
1761717162,0000000200000001,29756902950,5192,1362
1761717163,0000001000000001,29760686172,5192,1363
1761717164,0000000800000080,29774894256,5192,1364
1761717165,0000001000000008,29785522192,5192,1365
1761717166,0000008000000010,29798807847,5191,1366
1761717169,0000002000000004,29823080252,5192,1367
1761717169,0000002000000001,29824956219,5192,1368
1761717171,0000000800000004,29840279538,5192,1369
1761717174,0000004000000002,29874624941,5192,1370
1761717175,0000000800000004,29880501972,5191,1371
1761717176,0000000400000001,29895333716,5191,1372
1761717178,0000000800000010,29910431300,5191,1373
1761717180,0000002000000004,29936448039,5192,1374
1761717185,0000000400000002,29980389533,5192,1375
1761717186,0000000400000002,29992222562,5192,1376
1761717186,0000008000000080,29992943684,5192,1377
1761717187,0000000100000008,30001252825,5191,1378
1761717187,0000004000000010,30004405793,5192,1379
1761717188,0000008000000001,30013852778,5192,1380
1761717189,0000002000000020,28951937515,5191,1381
1761717190,0000002000000004,30031940743,5192,1382
1761717192,0000008000000080,30052648243,5192,1383
1761717196,0000000100000004,30097048748,5192,1384
1761717197,0000008000000080,30107703452,5191,1385
1761717199,0000000800000001,30120775341,5192,1386
1761717199,0000000400000008,30126984077,5191,1387
1761717201,0000000400000001,30143605658,5192,1388
1761717205,0000004000000008,30187699010,5192,1389
1761717206,0000000200000010,30198312182,5192,1390
1761717209,0000002000000004,30222492148,5192,1391
1761717209,0000000800000080,30222492558,5192,1392
1761717211,0000004000000010,30242561042,5191,1393
1761717213,0000000100000080,30268778757,5191,1394
1761717215,0000004000000008,30288592783,5192,1395
1761717217,0000001000000002,30309629566,5192,1396
1761717218,0000000200000080,30312352728,5192,1397
1761717219,0000000400000001,30320391931,5192,1398
1761717219,0000008000000010,30323253249,5192,1399
1761717221,0000000400000001,30343132118,5192,1400
1761717222,0000008000000004,30350522560,5192,1401
1761717222,0000001000000001,30357382137,5192,1402
1761717222,0000004000000010,30358683128,5192,1403
1761717222,0000000100000002,30359116842,5192,1404
1761717224,0000000400000008,30372726185,5191,1405
1761717225,0000000200000010,30384449812,5192,1406
1761717225,0000000400000002,30386144727,5191,1407
1761717226,0000000400000008,30391739428,5192,1408
1761717226,0000000800000080,30394167932,5192,1409
1761717229,0000008000000004,30420650993,5191,1410
1761717230,0000001000000040,30436662357,5192,1411
1761717231,0000000100000008,30440451067,5192,1412
1761717233,0000000100000008,30460539112,5192,1413
1761717234,0000000400000002,30473999972,5191,1414
1761717234,0000000800000080,30474349731,5192,1415
1761717235,0000000100000008,30489793154,5191,1416
1761717238,0000000100000004,30519338123,5192,1417
1761717239,0000002000000040,30522130087,5192,1418
1761717240,0000000800000002,30539641955,5192,1419
1761717242,0000008000000004,30558594276,5192,1420
1761717246,0000000100000004,30597610809,5191,1421
1761717248,0000000800000004,30618186568,5192,1422
1761717249,0000000100000002,30622952257,5192,1423
1761717249,0000000100000080,30623972476,5191,1424
1761717250,0000008000000010,30638948742,5192,1425
1761717254,0000004000000004,30678708966,5192,1426
1761717255,0000000100000001,30682100681,5192,1427
1761717257,0000000800000002,30700682301,5191,1428
1761717258,0000008000000001,30711064054,5192,1429
1761717259,0000000100000002,30728607216,5191,1430
1761717260,0000002000000010,30734357270,5191,1431
1761717261,0000000200000010,30744723382,5191,1432
1761717261,0000000400000001,30746899078,5191,1433
1761717262,0000000200000040,30758511221,5191,1434
1761717263,0000000100000002,30766076512,5192,1435
1761717263,0000000800000010,30769223080,5192,1436
1761717264,0000004000000008,30773193039,5192,1437
1761717265,0000000400000008,30788179121,5191,1438
1761717266,0000000800000001,30794103104,5192,1439
1761717266,0000000100000040,30799752541,5191,1440
1761717268,0000000100000080,30813664204,5192,1441
1761717268,0000000400000004,30818290476,5192,1442
1761717270,0000000800000001,30833584303,5192,1443
1761717274,0000000100000080,30876223293,5192,1444
1761717274,0000000400000080,30877547047,5192,1445
1761717280,0000008000000080,30937473335,5192,1446
1761717281,0000008000000004,30941034912,5192,1447
1761717281,0000000400000040,30942307267,5192,1448
1761717281,0000002000000004,30944244299,5191,1449
1761717281,0000000100000004,30949316896,5192,1450
1761717284,0000000200000010,30977396371,5192,1451
1761717285,0000008000000010,30982030651,5192,1452
1761717286,0000000200000001,30996309211,5191,1453
1761717286,0000002000000008,30997841928,5192,1454
1761717288,0000002000000010,31017438146,5192,1455
1761717288,0000000100000020,31018899340,5192,1456
1761717296,0000000800000001,31093158832,5192,1457
1761717296,000000c000000004,31097869447,5192,1458
1761717297,0000008000000001,31107009766,5192,1459
1761717298,0000002000000001,31113617977,5192,1460
1761717301,0000000800000001,31141858525,5191,1461
1761717301,0000000400000001,31143568960,5198,1462
1761717302,0000002000000001,31152504695,5192,1463
1761717302,0000000100000008,31154443304,5192,1464
1761717306,0000000400000001,31191431419,5192,1465
1761717306,0000001000000010,31199482282,5192,1466
1761717312,0000000800000001,31251980159,5192,1467
1761717312,0000004000000040,31259127241,5191,1468
1761717313,0000000100000040,31262460751,5192,1469
1761717314,0000000200000020,30202238876,5191,1470
1761717315,0000008000000040,31280126176,5192,1471
1761717318,0000000100000004,31310212780,5192,1472
1761717319,0000000400000008,31325241913,5192,1473
1761717320,0000000200000040,31337230738,5192,1474
1761717323,0000001000000004,31362060647,5192,1475
1761717324,0000002000000001,31370442229,5191,1476
1761717324,0000000200000008,31373592898,5192,1477
1761717324,0000000400000001,31376956763,5192,1478
1761717324,0000000200000008,31377263229,5192,1479
1761717326,0000000100000004,31393785785,5192,1480
1761717327,0000002000000040,31403160106,5191,1481
1761717328,0000002000000008,31416582079,5191,1482
1761717331,0000004000000004,31445176862,5192,1483
1761717333,0000000200000004,31466570724,5192,1484
1761717334,0000008000000080,31473874739,5191,1485
1761717335,0000002000000002,31482162898,5191,1486
1761717336,0000004000000001,31492316388,5192,1487
1761717337,0000000100000001,31503358596,5191,1488
1761717338,0000000800000010,31514685098,5191,1489
1761717338,0000000800000080,31515682138,5192,1490
1761717340,0000002000000080,31535555374,5192,1491
1761717341,0000000200000001,31543896844,5192,1492
1761717341,0000008000000004,31547771748,5192,1493
1761717344,0000000100000080,31578495465,5192,1494
1761717347,0000004000000002,31605200136,5192,1495
1761717348,0000001000000001,31610541510,5191,1496
1761717349,0000000400000002,31623637530,5191,1497
1761717353,0000000400000004,31660947408,5192,1498
1761717353,0000000100000080,31664387349,5192,1499
1761717353,0000008000000008,31669741849,5192,1500
1761717354,0000000100000001,31673523059,5191,1501
1761717355,0000000800000040,31680545706,5191,1502
1761717358,0000004000000020,31715464822,5191,1503
1761717358,0000000400000010,31717576353,5191,1504
1761717362,0000000100000001,31754879462,5191,1505
1761717363,0000000200000008,31765681766,5191,1506
1761717363,0000000100000008,31766984217,5192,1507
1761717364,0000004000000080,31770370291,5192,1508
1761717364,0000004000000004,31777247171,5191,1509
1761717365,0000000100000001,31788570164,5191,1510
1761717366,0000000100000080,31795508566,5191,1511
1761717367,0000000800000002,31805918782,5191,1512
1761717368,0000004000000010,31818108010,5191,1513
1761717371,0000000200000008,31840853186,5192,1514
1761717372,0000000100000001,31852526052,5191,1515
1761717372,0000001000000010,31855373234,5192,1516
1761717374,0000000100000040,31879207852,5192,1517
1761717378,0000000100000008,31911841331,5192,1518
1761717378,0000000800000008,31912718217,5192,1519
1761717378,0000000400000010,31918621490,5192,1520
1761717379,0000002000000080,31928725808,5192,1521
1761717380,0000000100000001,31932826975,5192,1522
1761717380,0000008000000001,31934453267,5192,1523
1761717381,0000008000000002,31946548030,5192,1524
1761717391,0000000200000040,32044680214,5192,1525
1761717391,0000000100000010,32045619671,5192,1526
1761717391,0000000200000040,32047136831,5192,1527
1761717392,0000000100000001,32057341621,5192,1528
1761717398,0000002000000001,32117971613,5192,1529
1761717400,0000000100000001,32137210613,5192,1530
1761717401,0000000400000010,32142680481,5192,1531
1761717401,0000000400000008,32149424784,5192,1532
1761717403,0000008000000080,32163238037,5191,1533
1761717404,0000000800000004,32178335257,5191,1534
1761717405,0000008000000020,32182358631,5192,1535
1761717405,0000000200000010,32189701339,5191,1536
1761717406,0000004000000040,32190167012,5192,1537
1761717408,0000008000000008,32210817645,5192,1538
1761717408,0000008000000001,32212673748,5192,1539
1761717410,0000000400000001,32231785114,5192,1540
1761717410,0000000100000080,32233745904,5192,1541
1761717416,0000008000000002,32290667251,5192,1542
1761717418,0000000100000080,32310815931,5192,1543
1761717419,0000000800000004,32320093353,5192,1544
1761717419,0000001000000001,32322256554,5192,1545
1761717419,0000008000000008,32326664967,5192,1546
1761717421,0000000200000004,32340761890,5192,1547
1761717423,0000008000000080,32362681207,5192,1548
1761717424,0000000200000001,32379385856,5192,1549
1761717425,0000000400000001,32385791431,5191,1550
1761717425,0000000100000004,32386782210,5192,1551
1761717431,0000000400000010,32447838268,5192,1552
1761717434,0000004000000004,32473913257,5192,1553
1761717434,0000008000000080,32475484602,5192,1554
1761717434,0000000400000002,32478106141,5192,1555
1761717436,0000000100000004,32498688041,5192,1556
1761717437,0000000800000002,32500115342,5192,1557
1761717438,0000000200000004,32515446299,5192,1558
1761717440,0000000400000002,32530469859,5192,1559
1761717442,0000008000000001,32550982235,5192,1560
1761717443,0000008000000080,32569024664,5191,1561
1761717444,0000000400000001,32570804391,5191,1562
1761717444,0000000100000004,32571552472,5191,1563
1761717445,0000000200000002,32589942267,5191,1564
1761717446,0000000100000002,32591031535,5191,1565
1761717446,0000008000000008,32596593013,5191,1566
1761717446,0000002000000001,32596988450,5192,1567
1761717447,0000008000000010,32608164281,5191,1568
1761717449,0000008000000004,32621548639,5191,1569
1761717449,0000000100000080,32624380820,5192,1570
1761717450,0000000800000001,32631473242,5192,1571
1761717452,0000008000000010,32650974001,5192,1572
1761717454,0000000800000008,32679578951,5191,1573
1761717455,0000001000000040,32684592058,5192,1574
1761717456,0000008000000010,32697086443,5192,1575
1761717456,0000008000000080,32697898004,5192,1576
1761717456,0000008000000020,32698176106,5192,1577
1761717457,0000008000000002,32699273794,5192,1578
1761717458,0000008000000080,32712770946,5192,1579
1761717459,0000008000000004,32728255302,5192,1580
1761717460,0000001000000020,32732005007,5191,1581
1761717460,0000000100000001,32737610002,5192,1582
1761717461,0000008000000004,32747335270,5192,1583
1761717464,0000000400000010,32770295103,5192,1584
1761717466,0000004000000020,32793205100,5192,1585
1761717466,0000001000000004,32799779990,5192,1586
1761717467,0000002000000004,32802251111,5192,1587
1761717468,000000010000000e,32812690855,5192,1588
1761717470,0000008000000040,32836314691,5191,1589
1761717470,0000000800000040,32837854940,5191,1590
1761717473,0000001000000040,32865708736,5191,1591
1761717476,0000004000000004,32896647909,5192,1592
1761717477,0000004000000001,32906432233,5192,1593
1761717478,0000002000000008,32913684060,5185,1594
1761717479,0000004000000004,32922225795,5192,1595
1761717481,0000000200000008,32942079110,5191,1596
1761717481,0000000800000004,32943473868,5191,1597
1761717481,0000000800000001,32949187499,5193,1598
1761717483,0000008000000002,32965676118,5192,1599
1761717483,0000000400000080,32966568363,5192,1600
1761717484,0000002000000080,32972235354,5192,1601
1761717484,0000000400000002,32974720046,5192,1602
1761717484,0000002000000080,32977597774,5192,1603
1761717485,0000004000000001,32986689957,5192,1604
1761717487,0000008000000008,33003202683,5191,1605
1761717487,0000008000000040,33009718368,5191,1606
1761717488,0000000400000010,33018692704,5192,1607
1761717490,0000000200000008,33039116520,5192,1608
1761717494,0000000400000040,33075897928,5192,1609
1761717495,0000000800000010,33085941602,5192,1610
1761717496,0000000100000002,33095982708,5192,1611
1761717500,0000008000000080,33132908923,5192,1612
1761717500,0000000800000004,33139453905,5191,1613
1761717501,0000004000000010,33141549817,5192,1614
1761717503,0000004000000008,33168681508,5191,1615
1761717504,0000008000000004,33171255041,5192,1616
1761717504,0000000200000008,33175655524,5192,1617
1761717505,0000008000000080,33183523560,5192,1618
1761717510,0000000400000002,33230976368,5192,1619
1761717511,0000000800000002,33246629218,5192,1620
1761717513,0000008000000040,33265154819,5192,1621
1761717514,0000008000000001,33275371641,5192,1622
1761717514,0000004000000001,33277449426,5192,1623
1761717515,0000000100000020,33284824986,5192,1624
1761717516,0000008000000010,33298638999,5192,1625
1761717516,0000002000000004,33299483656,5192,1626
1761717517,0000000200000001,33307131242,5192,1627
1761717518,0000000100000001,33318679569,5192,1628
1761717522,0000002000000010,33354767126,5192,1629
1761717522,0000004000000002,33359394457,5192,1630
1761717523,0000008000000004,33360943109,5191,1631
1761717524,0000008000000010,33377985857,5192,1632
1761717525,0000000800000001,33388517032,5192,1633
1761717530,0000004000000080,33432218498,5192,1634
1761717536,0000000200000040,33497989970,5192,1635
1761717538,0000004000000040,33515314614,5192,1636
1761717539,0000004000000008,33520556707,5192,1637
1761717539,0000002000000002,33529315025,5192,1638
1761717540,0000000200000008,33535684827,5192,1639
1761717541,0000000800000001,33544130523,5191,1640
1761717541,0000002000000080,33545748444,5191,1641
1761717541,0000001000000040,33548613181,5192,1642
1761717542,0000008000000004,33554577906,5192,1643
1761717542,0000001000000080,33555081103,5192,1644
1761717544,0000000200000002,33576183476,5192,1645
1761717546,0000004000000004,33594320977,5192,1646
1761717546,0000004000000008,33597195771,5192,1647
1761717547,0000008000000004,33601593910,5192,1648
1761717548,0000000800000020,33612087807,5192,1649
1761717548,0000000800000004,33619408321,5191,1650
1761717549,0000008000000040,33619655027,5192,1651
1761717549,0000008000000002,33624795306,5192,1652
1761717549,0000004000000001,33624969601,5192,1653
1761717550,0000000400000080,33631253917,5192,1654
1761717552,0000004000000040,33659392987,5192,1655
1761717553,0000000100000001,33661866180,5192,1656
1761717556,0000000800000004,33695684164,5192,1657
1761717557,0000000200000001,33704849786,5191,1658
1761717558,0000002000000008,33714415538,5192,1659
1761717560,0000002000000002,33732172020,5192,1660
1761717560,0000008000000080,33738606138,5192,1661
1761717561,0000000800000001,33747319365,5192,1662
1761717562,0000000200000080,33755914007,5192,1663
1761717564,0000000800000002,33778371747,5192,1664
1761717566,0000002000000002,33790588027,5191,1665
1761717566,0000000100000008,33796960349,5192,1666
1761717568,0000000100000008,33816856567,5191,1667
1761717570,0000000200000008,33836235798,5192,1668
1761717573,0000004000000040,33863021865,5192,1669
1761717580,0000000800000080,33938434320,5192,1670
1761717581,0000000100000080,33947678740,5192,1671
1761717583,0000000400000001,33962019237,5192,1672
1761717584,0000004000000008,33978850524,5191,1673
1761717585,0000008000000004,33982237267,5192,1674
1761717585,0000000100000008,33984314184,5192,1675
1761717589,0000008000000008,34027272516,5192,1676
1761717591,0000008000000008,34042877433,5191,1677
1761717591,0000008000000008,34047217359,5192,1678
1761717592,0000001000000010,34056278068,5192,1679
1761717594,0000000400000002,34072878358,5192,1680
1761717594,0000008000000080,34078659804,5191,1681
1761717596,0000001000000010,34092601553,5191,1682
1761717597,0000000100000020,33032409131,5192,1683
1761717599,0000000100000004,34123349794,5192,1684
