165,126480,107445,105636,163265,37338,34850,36906,18535,151563,175305,128718,127584,24647,32385,11034,41174,97066,95804,106481,111221,51652,12472,27120,56642,125100,121565,98900,126310,40074,41837,108195,46519,95062,107561,104396,108383,34185,12213,66843,11763,123568,102647,116105,85555,15054,44473,12471,19693,113480,94530,170008,86195,27777,43249,54244,29614,81766,104365,102945,99660,10573,44453,47930,28287,
166,166220,128792,122151,283011,55379,52104,60729,35613,209679,204008,175209,163086,43233,56759,19841,65673,116949,100668,119299,126359,60420,24532,45216,66280,171656,138265,115292,154199,52391,52816,134462,66546,108393,141038,119733,126955,48509,25221,81006,22817,173993,129966,129650,91514,29933,66754,25576,35904,135911,110578,201138,99476,43054,61228,70063,46232,93643,119508,119894,120882,22696,58959,63814,49169,
167,338179,208731,153498,701047,74896,71925,84438,56342,457553,261530,373155,304573,65003,84990,40817,93203,199646,112770,152108,166356,68691,38055,59988,75437,402374,186704,167049,266812,62173,60780,151451,81156,132124,289532,162337,183788,60218,42363,90286,46294,376495,249508,169493,103483,47519,83125,47525,51019,213081,148693,300378,129988,57129,78333,83554,61686,108931,157881,179809,201179,39037,71113,76045,67826,
168,661014,388063,212718,1236218,85848,81472,103359,72887,874621,369759,733546,584480,82333,108525,61385,109576,401124,127790,229327,265734,74686,46782,67460,81443,830273,302549,292079,520561,68951,66469,161243,89258,173916,572243,257894,320748,67116,52879,96907,65865,724845,494375,262867,120156,58825,91902,63269,59607,387729,231498,528651,200144,67696,88079,89991,72040,126135,253237,324465,386457,51918,77596,82889,78283,
169,1492200,1018336,523020,2033443,92369,86371,114633,87137,1683180,910422,1512326,1350650,92163,117294,94307,110413,1135511,205830,644134,754385,85391,55272,75395,91700,1936646,857127,821309,1348955,77637,74578,175400,98719,400981,1271125,688626,867500,76492,62890,105890,84998,1534980,1183941,712741,201775,69870,102524,78240,68981,1003960,609510,1398224,547877,74284,95093,95445,80933,203839,709439,893261,1012329,66778,87578,90089,88956,
170,2247631,1832846,1249307,2262807,100992,93876,115093,91587,2148275,2068890,2060318,2083050,95587,118072,117324,112877,2252274,526871,1571386,1771198,107170,62805,82530,109202,2906066,1983689,1754509,2533087,90061,85499,190554,109459,987117,1907933,1477664,1738715,87847,71636,119041,97981,2333815,2021934,1627810,511584,80324,114613,87973,78203,1757717,1316383,2609240,1221125,80154,103453,103248,88506,518231,1495396,1645537,1701689,77382,101462,100065,97056,
171,2416185,2314455,2174967,2364310,123748,111394,123735,102108,2272235,3434615,2219144,2375980,104874,127118,118569,124938,2521635,1470195,2825335,2981392,187054,70566,90833,178864,2609910,3355279,2660647,2978381,118001,115894,221540,126107,1856098,2108517,2384315,2521864,104122,81539,145526,110084,2470327,2396074,2858857,1315271,90871,133007,96677,90619,2106925,2001756,3172431,1882333,88967,120288,126502,103063,1246040,2056497,2004980,1911689,86601,137921,117309,106172,
172,2365132,2272839,2483765,2715757,220388,182553,147742,128921,2421497,3844010,2491368,2486699,134460,157467,126454,158749,2106628,2766657,2779083,2842635,480588,85741,110768,465321,2208214,3264012,2434960,2507684,250110,257823,343211,190029,2357322,2122266,2569487,2419146,163525,96515,267591,124223,2276659,2131051,3068554,2402713,112470,200091,109191,125699,2199336,2118372,3125971,1961258,114303,189562,232479,159689,1871076,2193508,2056431,1952643,102770,301337,194776,127066,
173,2649045,2487207,2633372,3270035,570326,468856,256810,254886,2821609,3990322,2964844,2861723,265813,299438,150143,330027,2065547,2891539,2342470,2430344,1047024,139132,185576,1040512,2217825,2714626,2106895,2313461,646347,672411,761536,433051,2537828,2424705,2422026,2377882,403295,140842,676129,149142,2415737,2096061,2656326,2817147,191451,471061,140220,283988,2620499,2210796,3518506,1960194,223300,456455,579214,378732,2134527,2426034,2331562,2281597,153023,771160,464934,202052,
174,3382896,3209267,3381749,4666961,1359510,1192080,669085,727551,3831881,4545164,3948511,3572794,759922,832841,248839,910507,2908926,2647145,2492535,2604299,1612373,363329,460632,1594537,2891335,2737624,2313105,2799834,1275709,1327661,1598732,1003432,3087296,3080340,2809303,2881531,993928,347087,1369174,261887,3005924,2564981,2732190,2528324,513015,1104548,293955,763911,3833000,2871496,4833713,2448397,591621,1071277,1232775,911949,2631470,3462353,3472710,3561188,365665,1530197,1005552,473424,
175,8114098,7692651,9429289,20031562,2464373,2308964,1598127,1797400,2755552,10037535,9008910,8299735,1868687,2039632,658404,2090549,14513251,5647141,6378880,7403450,1843321,882908,1015573,1832040,10900533,8645597,19255535,18525290,1729545,1827715,2435328,1664463,6678717,7643644,5769182,6379309,1676035,878204,1857932,688316,6347378,7262213,7513298,4511984,1195970,1800667,762710,1459266,14748661,7098753,12297840,2795170,1311245,1928309,2032960,1684654,10527637,23852839,22301655,14049187,934510,2161617,1612059,1046039,
176,8314018,8585831,18840661,26662623,2821692,2785405,2541599,2726732,5419860,8707327,10237492,6147816,2821225,2969588,1405637,2720917,17494104,6139491,7911239,7878756,1852923,1353861,1453751,1881876,10581836,9132708,17166356,17001060,1799184,1923885,2717546,1941105,5790806,6825454,3373510,6271381,1951562,1360002,1910011,1251042,6784100,7689987,8852334,7791400,1741617,2024972,1286512,1803414,30897067,9953463,14985969,6082230,2004811,2390428,2398042,2174582,22382519,57264523,48731377,28031927,1576851,2241428,1882885,1562879,
177,8575290,8061197,11328782,38360937,2501095,2463344,2872296,2814215,7499128,8970709,8557962,8602115,2895155,2907237,2714619,2411594,14755942,5467739,6282715,8404405,1886525,1731825,1754292,1937038,8001688,3294119,12345028,8572875,1789798,1889026,2716115,1971604,3190458,3694197,5488077,5522611,2044021,1717045,2052727,1901485,5901382,5142268,7308133,5447264,2040511,2050534,1771424,1909699,48875987,13784586,19687959,6555513,2470901,2229927,2227222,2191056,33342982,78659896,67387205,40094993,2325770,2132963,1893444,1981853,
178,9865335,10659535,17371618,66626208,2298262,2203876,2398753,2399700,7936873,9709571,9459831,8911306,2434471,2436900,2935218,2149145,16427285,5276272,7076840,6387412,2089668,1849297,1874201,2154930,11034194,8717764,14268525,13412959,1995728,2036634,2855434,2108366,5523361,6653333,6012276,6697863,2255487,1907519,2387435,2286581,13243429,7632701,7919955,5729805,2132135,2330398,1964572,2158682,74097307,28038310,31544679,7476368,2214865,2034091,2071236,2043878,50673791,105699447,102739930,61662215,2401457,2180243,1904917,2092857,
179,16560711,16052053,32043177,126055475,17742216,22762998,12568206,17133797,10168230,12438803,17850527,11584725,16630664,18758069,15937991,17189917,26491031,14954813,10471138,14351489,24067677,17909198,16638407,24370797,19004484,12229767,21422044,23017663,19502814,18901740,19012964,20037955,8008771,9540503,8925107,10674188,21517013,19618833,24920125,22801545,5894094,10209872,11648663,9032197,17627615,22490694,20798407,23268009,111188665,36892571,52765930,12361958,14397086,14216531,14515657,13097621,84006514,168474236,158313454,125869134,11172894,17765828,17486638,18952194,
180,78397444,73439113,105795573,162039633,238950205,208959901,118352492,201025240,82192348,68796079,10713327,70364880,192617954,208946746,207188391,227934309,167502534,127942072,130567206,142547214,206550993,227040732,199298149,242024181,164179132,141767984,172123593,158775628,203128741,196575937,225188647,213357688,85855610,89453820,120804679,108351312,166403943,155661755,189171948,194766003,112995428,111446734,121894450,107279856,189016151,178365562,174401218,184335560,163438243,96885515,106477424,69875667,200062667,185428509,205775769,203437583,160235043,210019524,207325761,168317159,164399037,243247161,235296716,219998460,
181,152219867,152567416,159581936,177489902,299661033,271770793,171136194,280540942,186256371,156541118,249991524,150212765,263676386,275207035,251013693,273243493,390710257,339018727,354843283,374857633,188714597,241770568,205476703,229212618,417733737,392887025,399692394,369552279,179810354,182033983,175810690,180642252,230186022,212475151,330652340,284481394,158690651,155199446,168353669,167564569,293149967,274157213,313841742,298934608,177485449,160599562,186594060,166865006,162558927,154127132,156140664,152279183,253130014,222238154,268304687,274056715,163269050,170868567,171495316,164925234,223474173,270260582,275352045,242732122,
182,175648267,164679767,149307052,175793836,332570952,315873569,222745532,337748582,190960577,170055384,174659662,163630541,300450168,322126183,282147331,303769602,448403413,407776213,417479435,424454410,184266710,231627469,227150441,218767886,482108932,470866498,456523149,418920616,181631262,173616570,159350327,181415270,270841773,255452551,379841634,320219515,154499993,150100661,159566792,159293986,343770286,339688403,359231538,354465660,169677675,159734282,154401538,161396316,159768677,159604938,159869472,166809845,295490823,270852529,306822543,314501784,159120824,158652172,160081427,159101738,284483479,281066381,296695753,251534265,
183,180080983,165247640,177084492,177232894,363020166,341887745,271156749,379116217,194881474,205905660,163869479,160143587,357122030,349987102,317727438,344008435,301386874,435197074,449225058,467394840,150377806,253265645,187478591,201663697,509457640,501752333,468514657,440514400,214164586,176316178,163825499,164849434,293813827,270225596,391162116,333837467,154205633,152321929,155274679,156209088,359010470,356994388,380186011,383268097,168812929,158123159,157734298,154403379,156705419,158864184,159120170,164786839,329708612,304654775,341665485,348281133,156395857,157041578,156340676,157325496,57758397,278826979,293367382,251789737,
184,186053021,169565305,169937127,181770776,379292009,355690928,297177473,402069695,216948117,183432972,143761802,168283107,378649888,425252150,342613360,377887259,498627496,455821853,472717825,475568630,192337755,248855701,186551626,195946799,522810780,504726142,471680164,451323448,176424091,175969029,151320196,165098500,302800563,264654604,400189994,363181630,153697751,152083504,154936154,156444335,417841245,371836064,391360166,400441537,188000771,158108529,158448603,157918815,156699155,159079133,143207412,172910532,348100674,322066996,365421419,366218575,155341592,156134452,157117020,155964781,296889111,283024311,294169103,274277627,
185,171997990,156087742,162146524,130914778,392489488,359756730,330852916,424292911,193087660,195509137,164734407,156687323,417932964,440151461,389811846,409376410,479980392,445538718,448493155,449321622,209973526,227180379,187289619,201307987,493360005,456901427,438992578,422966994,178492387,178868986,166118280,171068127,280235250,247499737,354600584,328697956,155086356,154400790,156318139,156928909,353178811,346277879,376053332,391366696,177728022,158033161,161367634,155315267,129276773,150379517,146518548,160682572,360278652,334235949,349862453,363271575,143922998,142293068,143250919,141906650,301912168,297398822,272483375,245602792,
186,58017151,55615747,54726609,58976662,404665522,374127346,356082784,450183948,62293400,60838054,55912780,54585310,456503084,463566590,435884661,457476141,161814940,149925274,152626160,151152429,209503286,212931795,178809635,214344808,165184729,154115417,146556503,142614973,185450096,179272854,172540650,182869307,91887477,54954736,113893359,103973656,150756429,147684049,107545140,153872195,96670319,124350784,131936155,134704917,178833489,164008203,158620084,157719957,46869254,49300206,50335691,56714809,344095467,340166943,368391705,351573990,32905714,48659342,49359572,48419384,295231794,266672882,254431337,200676650,
187,4078036,3900467,3951427,3949824,410321224,397341149,390535557,465689915,4357257,5646857,3734187,3918542,471229179,503950252,473556032,495168168,7440849,7245595,7238577,7277032,199048209,185391046,174346349,221599553,7478916,7459881,6899380,6895491,166532820,175887929,166182747,158892713,5102930,4747447,5945532,5946525,146939002,152538162,149022728,151330438,6282278,6140371,6687553,6638515,172504931,165002482,161567238,151360000,3684849,3637324,4521907,3536916,363028853,322263736,490686687,367033391,3690694,3726582,3626747,3449998,307743477,246481171,249694659,236243373,
188,2192384,2046839,2141796,2048516,410730821,412703398,435408423,484322966,2187205,3699784,1948473,2163140,517107695,542253689,507107283,542268819,1811643,2016263,2007348,2100223,190753895,191147089,171483918,215318188,1915717,2252511,1838613,2035092,175205535,170708773,160021010,167633627,2119182,1849541,2074040,1936840,146706605,147404385,147533671,150059424,1969579,1800233,2155635,1918444,176554166,162819845,163089501,149367902,2024607,2005475,2877585,1835838,349707068,326515324,357431712,310783912,2079331,2131182,1981148,1854419,302259935,261952176,244904899,234227961,
189,2179537,2034577,2132080,2033264,423529577,467391410,470491370,492464905,2172348,3686197,1932202,2151650,544023938,578508481,521448884,562527957,1778509,1983511,1975320,2070533,197965660,196014774,210349029,227767857,1884309,2223250,1807116,2007249,174174991,170526793,157303003,169479230,2094961,1832253,2052886,1908843,147484385,145350199,146686387,149806648,1942394,1774305,2133612,1888403,170637612,159435806,150185235,148226167,2008366,1994004,2868867,1824294,366921694,346465399,379969215,377815007,2067436,2122005,1968499,1846437,277267863,272997560,248568316,239322463,
190,2182724,2033692,2124357,2028873,451492390,537589191,479674141,482688790,2165369,3666882,1929958,2149563,543171933,588356212,523022063,554507564,1777954,1981562,1975455,2065674,212144402,183347246,183929190,243487408,1884055,2221405,1808478,2004530,184490513,166150221,165400634,169852945,2097197,1830758,2047960,1907946,146645260,148135680,147683098,151242747,1941214,1769428,2125245,1885955,192792204,153840578,99294645,147095247,2004572,1991989,2868794,1821351,383868229,365602075,428535639,395761172,2065783,2117262,1964413,1844360,298501177,270838408,251354407,269623773,
191,2157442,2028238,2123607,2024352,488596720,493144744,475426891,479488704,2165029,3651380,1929046,2147438,530782060,573766164,520522922,547173299,1777180,1981462,1972617,2061644,169730362,183299324,185828388,238966737,1879388,2211226,1804728,1998424,182188188,160418873,161645974,172530944,2092407,1828261,2045398,1901007,146188815,151179305,147298993,135330276,1935101,1769016,2118117,1884764,168978699,150294692,146956474,136212802,2004634,1984619,2863972,1825098,390442811,485596076,378780326,410539463,2060607,2116628,1963974,1841596,288557550,283455673,257047076,247277922,
192,2159232,2031287,2123370,2024477,371487352,352294151,347891358,356219894,2163486,3644952,1928857,2144016,392426035,426180726,382371438,403165637,1776289,1980891,1973482,2062800,133040889,139998328,145331281,184404753,1881573,2215084,1804991,1999359,79522756,126169944,121413305,129750602,2094620,1826261,2045006,1899913,134543037,102804177,111098703,115599895,1932822,1768790,2118445,1880721,130448467,114043105,109661069,113878152,2003696,1987856,2858580,1821526,316099487,322455967,335167249,323416077,2063722,2114039,1960996,1839460,232909997,229577798,206155338,193772448,
193,2160082,2029160,2117720,2020132,89395853,83264134,81512339,82903037,2161272,3648051,1923655,2142068,90649602,98582813,88983457,94163600,1772366,1972453,1967489,2059746,33914564,34675221,38679305,44930075,1877550,2201183,1802430,1998454,36330523,31088766,30540895,31104099,2092838,1824739,2041994,1899412,26705715,27322403,27167686,28417876,1930227,1764838,2104141,1878245,32908046,27742311,27467589,28771750,1996269,1987239,2857680,1819480,74705205,63103181,69673137,74312712,2061585,2115699,1963044,1836624,56423210,46879954,50255748,48333395,
194,2150831,2026503,2116654,2017016,2788594,2757727,2732881,2764281,2157239,3642631,1921781,2139138,2861164,2980242,2822937,2751417,1770033,1972266,1964624,2056070,2138121,2062427,2134078,2305423,1877917,2200109,1799405,1993481,2148610,2141717,2924731,2194682,2092204,1824477,2042909,1894055,2270263,2018729,2251322,2394176,1931198,1765377,2116279,1877831,2272643,2224689,2018470,2108599,1998458,1983263,2852819,1818400,2698459,2504076,2569673,2500012,2059270,2112703,1959116,1833008,2520608,2504454,2219676,2409843,
195,2151594,2020926,2109617,2012618,1858527,1841024,1900455,1917265,2152723,3622303,1916886,2134201,1939727,1946806,1913631,1795413,1766111,1966234,1961190,2050517,1778808,1671552,1718892,1819083,1873522,2187552,1793940,1991065,1711040,1815204,2603981,1863502,2089197,1821365,2039666,1895613,2003366,1738526,1981837,2113347,1926673,1763984,2119599,1874636,1945155,1956088,1753651,1836683,1990424,1978320,2844453,1816115,1767443,1774045,1806469,1728596,2051291,2109443,1951639,1832401,1916684,1904218,1669727,1860412,
196,2152279,2022241,2103391,2009277,1855950,1837325,1897962,1916287,2149707,3559373,1914006,2131315,1932849,1944284,1909774,1790917,1763230,1960145,1956527,2046475,1777683,1669478,1718743,1818785,1869133,2182918,1789225,1985430,1705814,1814625,2600620,1862803,2083535,1818174,2035546,1890000,2000896,1740252,1981871,2107340,1920338,1763203,2120121,1869453,1945400,1959783,1752246,1834071,1980112,1973236,2845918,1811937,1764697,1771942,1806089,1728612,2049540,2100592,1948093,1826361,1914674,1898744,1668477,1860482,
197,2147343,2015039,2098846,2001597,1851939,1837348,1897738,1915907,2143010,3522212,1908229,2120065,1933415,1941341,1905132,1790601,1758318,1955243,1951833,2040870,1773124,1666877,1714570,1819230,1862373,2173262,1785943,1978151,1704220,1812531,2596792,1861516,2086920,1817486,2036099,1885339,1998183,1738708,1978042,2105790,1917957,1757707,2112117,1868057,1942392,1953879,1752366,1831162,1973739,1965444,2831499,1809906,1764959,1771403,1804984,1725574,2035778,2095670,1942184,1821693,1912311,1895973,1668031,1857712,
198,2145803,2011139,2089775,1995033,1849921,1834729,1895420,1914681,2138417,3521449,1901008,2114027,1932380,1942644,1902718,1785352,1754379,1949427,1946692,2034998,1769056,1666917,1712442,1816360,1861731,2171273,1777886,1970795,1705378,1810645,2592618,1856494,2079135,1813596,2028484,1879039,1996195,1735302,1975390,2104266,1912254,1754524,2091087,1862010,1937792,1954985,1748165,1830211,1966327,1961269,2824839,1802836,1764125,1773093,1801041,1727399,2032534,2084557,1936231,1815341,1910532,1892313,1670483,1856906,
199,2129063,2003870,2080549,1982974,1848878,1830382,1892872,1913060,2123874,3504269,1892545,2101431,1932318,1936202,1900619,1785544,1748833,1939762,1938748,2029262,1770230,1663625,1709512,1811836,1853657,2159647,1770924,1965346,1698606,1806079,2596071,1853944,2069059,1805620,2022904,1870382,1992337,1732255,1972387,2101858,1903132,1747920,2092373,1855697,1938040,1951448,1745467,1823754,1957846,1948012,2812411,1797551,1761644,1768217,1801550,1726653,2019996,2076806,1928884,1811005,1904029,1892088,1665655,1853611,
200,2121443,1998785,2076195,1979032,1845046,1827787,1894744,1909991,2119563,3492489,1884081,2098160,1929888,1936862,1899486,1784191,1746673,1937631,1935974,2020167,1768530,1661075,1709537,1811006,1853461,2158623,1764587,1961246,1695367,1805134,2591772,1851356,2067291,1802421,2016587,1865047,1988294,1727868,1968356,2096252,1897663,1746364,2094151,1852236,1934024,1944647,1744569,1823583,1955608,1946828,2808183,1796963,1761597,1765227,1798083,1722606,2012457,2070695,1928273,1809127,1905091,1889738,1661515,1852527,
201,2126456,1992797,2070094,1974224,1844418,1827162,1889635,1903380,2111333,3549736,1878166,2088136,1925211,1931478,1892715,1780659,1739019,1930262,1929894,2014183,1763906,1660153,1707352,1807606,1847332,2150865,1762431,1952217,1692383,1805873,2591362,1848822,2061327,1796790,2012754,1859166,1982006,1721685,1965856,2092136,1891804,1741767,2079037,1845621,1928643,1939737,1741384,1815808,1942494,1938603,2798939,1791600,1760118,1762807,1800822,1721922,2009123,2071256,1921952,1803080,1905605,1885993,1665523,1850212,
202,2109917,1985128,2057199,1964600,1839278,1822009,1874470,1900647,2102444,3516061,1872273,2079808,1918786,1926536,1888301,1776677,1735904,1922328,1920889,2010836,1759215,1659687,1708164,1807748,1842065,2141696,1756966,1945344,1686750,1799576,2579851,1845549,2053806,1793810,2006292,1852810,1976613,1717128,1959137,2085067,1882580,1735954,2070607,1839264,1923442,1933306,1735989,1812819,1936347,1933239,2785987,1786060,1756457,1757912,1794475,1716294,2000751,2064817,1919512,1801453,1897633,1880520,1659949,1848006,
203,2097929,1979838,2046380,1954850,1832951,1815223,1873501,1894811,2091766,3503693,1864152,2076443,1917754,1924680,1882984,1769569,1729872,1919956,1913729,1999150,1749259,1656732,1701530,1797124,1835077,2148740,1749424,1935891,1679695,1791898,2574829,1834487,2046369,1784969,1998549,1839010,1969489,1710715,1952327,2076555,1876404,1731289,2064830,1833024,1916488,1927507,1730895,1805391,1925314,1925865,2776537,1780965,1753906,1754299,1791159,1711838,1992314,2058953,1910518,1792378,1894452,1871512,1659440,1842652,
204,2096807,1971047,2040949,1946140,1825998,1810791,1870438,1890419,2085597,3471162,1855195,2059579,1912029,1918816,1877276,1766171,1724712,1911332,1907419,1993389,1743456,1649109,1694955,1791894,1831960,2137566,1741259,1926230,1674871,1787726,2564569,1830960,2040366,1779749,1991701,1832797,1960900,1704935,1944567,2071912,1870264,1724896,2061461,1821924,1908089,1917365,1724428,1798300,1917657,1918314,2763523,1771608,1746551,1747762,1785787,1706206,1979199,2046747,1901451,1783998,1884896,1867463,1655889,1837505,
205,2087485,1961654,2022576,1932510,1819357,1803472,1864410,1882322,2070092,3472008,1839001,2042340,1904907,1914073,1872436,1762525,1717168,1896320,1894791,1978310,1736003,1643392,1689907,1789456,1820978,2121195,1726812,1899554,1667538,1781692,2555433,1823617,2027317,1769602,1983874,1819927,1954988,1699275,1944258,2066775,1861818,1719312,2055154,1817170,1901005,1913739,1722682,1795519,1890224,1904128,2738223,1769239,1742689,1742880,1782873,1700725,1949861,2025876,1888340,1772373,1879181,1861297,1645743,1833442,
206,2069996,1944975,1969383,1896757,1817918,1798936,1861787,1877103,2049662,3407101,1791053,2003898,1900552,1910260,1866478,1758196,1690997,1849841,1860523,1933038,1732641,1640253,1687570,1782746,1796757,2087425,1677053,1807310,1663931,1776550,2550455,1818983,2003682,1756303,1970398,1782863,1951112,1694064,1938385,2065006,1846340,1705601,2030478,1800566,1896356,1905200,1717808,1791577,1825821,1882908,2668934,1748996,1738459,1738841,1778453,1699033,1864330,1956423,1856113,1743659,1873297,1854540,1642879,1826357,
207,1996124,1868918,1756236,1747221,1806219,1791915,1856775,1874684,1963090,3262194,1620037,1827443,1899363,1902235,1857665,1751799,1584642,1658922,1713464,1740797,1724549,1638242,1681693,1779015,1690991,1931874,1477805,1490342,1653455,1769533,2541879,1812850,1897465,1689680,1916389,1621728,1941836,1693095,1931018,2050254,1786896,1647988,1961263,1724205,1886158,1900392,1709493,1782288,1588282,1801460,2409906,1678836,1734023,1730162,1771879,1691754,1568336,1703309,1723512,1625904,1864135,1848155,1637493,1820688,
208,1672748,1560546,1187585,1285466,1802636,1787298,1855634,1867060,1633109,2873279,1133508,1319492,1892124,1900859,1851030,1747442,1204388,1116094,1245013,1200028,1721920,1633741,1676561,1774436,1298971,1422866,967132,853457,1651372,1770240,2533295,1804691,1533806,1419747,1678305,1152300,1937673,1685139,1926674,2042444,1554729,1396262,1624420,1419663,1882215,1892582,1706543,1773961,1020178,1494627,1690006,1391339,1730722,1730996,1768163,1687571,933459,1099288,1296041,1226128,1862229,1840055,1635955,1818179,
209,1076070,998415,557196,684153,1795178,1783619,1856119,1854189,1030551,1931481,556377,684946,1887503,1887266,1842697,1738448,639627,502801,623440,567600,1711522,1628131,1671130,1768462,704098,728455,437187,346899,1642110,1764514,2523040,1791580,930689,910368,1159137,577130,1925319,1670986,1914549,2014294,1067583,914016,995865,867442,1870732,1875275,1690281,1761338,459273,936520,836676,856579,1725386,1716996,1764301,1680373,377118,482457,692443,659039,1852326,1830014,1623222,1811953,
210,504920,471753,215163,284955,1777573,1765199,1843297,1816127,477204,928358,220645,279217,1866676,1867410,1820042,1718705,249976,177590,234528,210717,1695266,1613860,1661837,1749014,280440,280299,162330,138110,1615220,1747008,2496473,1750303,414807,429510,579743,225545,1902343,1638161,1896460,1925237,546390,438129,438354,377743,1839168,1828246,1641752,1699414,179274,426595,331002,377393,1718842,1699199,1746625,1658498,142184,179661,273866,263724,1832658,1804842,1611374,1801117,
211,194631,179547,101469,124912,1719459,1701781,1797498,1674220,187098,332757,101466,122183,1814009,1778626,1739763,1642268,100939,82438,98184,95482,1635051,1566560,1619686,1685258,114907,115131,79598,83935,1518943,1699746,2413852,1609678,156103,163658,217178,98281,1833163,1540067,1837039,1667792,212047,165807,159753,132531,1720271,1677892,1476411,1513320,92983,161182,153549,138276,1704018,1625022,1706046,1590499,81769,92484,112263,108690,1779482,1708386,1553336,1768184,
212,105312,95260,77724,84719,1504977,1474137,1609812,1267526,107977,168277,76813,84198,1599585,1471809,1459541,1380833,68667,67688,74107,74977,1432464,1386254,1459712,1466996,78415,81359,64112,73962,1227623,1506194,2111064,1242182,88304,88082,104083,72806,1591921,1239632,1625163,1108300,102653,85185,91443,72354,1365212,1272401,1072089,1081705,75458,87460,115834,78203,1630450,1365906,1539431,1356873,72582,77489,77389,73363,1564165,1395469,1368309,1641204,
213,80736,73061,72148,72083,1067993,1009459,1182760,694200,87413,127858,70962,73456,1121767,920871,934458,887997,60709,64757,68839,71551,1018398,998685,1100272,1033847,70787,73957,61588,70940,759819,1093116,1509230,730095,72996,68368,75320,66565,1108916,750975,1157927,524312,71488,65124,75909,60000,815818,718915,566557,562776,70396,67392,107370,63391,1400511,897863,1180392,923274,69836,73537,69279,65235,1122882,878747,984911,1316447,
214,73791,68070,70776,68531,555449,492077,634224,269471,81469,120078,69093,70217,551459,405187,418483,404340,58372,63562,67479,69843,539801,524875,626114,537932,68701,71347,60298,70303,342271,584257,826784,327376,69405,63937,69637,64696,553627,323023,599816,203043,64240,60102,72870,57309,347752,302664,229725,216515,68294,62268,104528,60689,954000,429763,693462,460721,68121,72339,67249,63174,594913,401882,533706,825202,
215,70198,65543,69113,67428,215097,181019,255930,101376,79282,115508,67521,68359,200293,156961,159421,158908,57600,62090,66194,68241,219612,203783,268162,214262,67190,70064,58522,68567,131673,232142,374111,143571,68211,62179,66709,63686,208421,120477,241247,109653,61788,59305,71719,56039,129252,132076,107249,89345,67484,61031,102169,58709,465810,170180,306537,179326,67106,70611,66567,61454,232220,152752,229153,383843,
216,69437,64740,67561,66657,110583,96207,140591,69915,78379,112162,66146,67519,104379,101870,100643,103200,56291,61403,65746,67305,118495,104378,144899,116480,66439,68479,58560,67472,79893,119447,231400,102043,67214,61235,65514,62401,109692,76138,139189,95572,60249,58557,70737,55161,80622,97392,86072,65248,66657,59586,100499,58438,233772,102520,163849,100262,65811,70312,65149,60998,119175,90652,130436,204054,
217,68149,63746,66433,64876,68819,63541,94921,60952,76776,109904,64863,65748,68545,83635,84061,85004,55394,59777,63455,65833,70470,60661,85147,73874,65106,67278,57106,66141,60193,67982,166023,85826,66022,60408,64451,61105,68714,61242,96448,91294,59502,57115,68708,53712,64171,85852,78997,57442,64975,58491,98619,56964,97452,77075,92521,67705,65063,68517,64623,59432,69576,66084,84768,108030,
218,67589,62444,65026,63480,60859,57894,85972,58666,75281,107324,64051,64647,62368,79883,80666,81295,54385,58529,62410,64251,58182,51858,72069,64918,64369,65421,55725,64932,55543,56877,149308,82140,64665,59322,63889,60233,60033,58008,85260,89674,58242,56529,67204,52935,60662,82778,76520,55861,63968,57387,96683,56415,65134,72097,75598,60499,62772,66725,62958,58583,59859,60239,75871,86468,
219,66037,61217,63681,61627,58400,56098,84246,57466,73461,104103,62733,62689,60763,78564,79653,79993,53532,56779,61217,62869,54245,49335,68333,62300,63456,64128,54484,63275,54640,53509,145620,80196,63099,58312,61983,58931,58021,57198,83414,88203,56744,55438,67233,51573,59066,81332,75896,54343,62486,55969,95294,54735,57749,70668,71863,59321,61846,66262,61800,57004,57805,58301,73565,81600,
220,64614,59757,62195,61167,57103,55450,82568,56374,71884,101911,61285,62067,59574,77907,78354,78951,51882,55892,60081,61598,52703,47643,67214,60979,61686,63248,54020,61761,53458,52004,142988,78948,62088,56921,60792,57405,56481,55810,81767,87130,55557,54508,65260,50538,57629,79326,74827,52942,60847,54974,93416,53787,56328,69209,70362,58111,60695,64291,60902,57039,55910,57318,72599,79498,
221,62653,58696,60345,59424,56017,54273,81864,54872,70200,99987,59675,60354,58454,75976,77238,77779,51273,54760,58881,60123,51722,47175,66086,60104,60690,62027,52269,60479,52215,51188,141202,77749,61119,56304,59685,56180,55659,54770,80104,86035,54408,53627,63940,49547,56890,78698,73586,52016,59929,53252,91118,52870,55352,67843,69136,56576,58731,63339,59555,55386,55070,55392,71211,78400,
222,61444,57413,59660,58351,54762,53347,80575,54335,69148,97050,58855,58961,57402,74912,75443,76633,50276,53736,57970,59382,50737,46484,65238,58701,59826,60045,51200,59042,51553,50485,138913,76536,59619,55203,58588,54939,54709,53555,79262,84135,53308,51996,62697,48987,55831,77604,73035,51309,58256,52705,88966,51434,54135,66516,68196,56352,57377,61991,58030,54096,53668,54645,69887,77285,
223,60358,56176,57792,56924,54159,52435,79573,53003,67516,95547,57449,57295,56417,74163,74476,75385,49002,51723,56000,57420,49758,45406,64618,57768,58284,59156,49979,57338,50177,49688,138282,75526,58205,54031,57723,53804,53134,53227,78084,83785,51999,50709,61285,47399,54293,75947,71744,50817,56614,50784,87068,50644,53452,66068,67795,54610,55528,60223,56873,52338,52731,53051,68875,76318,
224,58507,54572,55749,55179,52318,50613,78275,51153,65729,93432,55172,55647,55067,72517,72992,74190,47445,50156,54730,55706,48548,43740,63294,56319,56803,56851,48065,55874,48834,47491,134998,73725,56715,51990,56272,51955,51346,51522,76694,81094,50484,50141,59675,45938,52967,74116,69713,48772,55258,49378,84692,49385,51830,64605,65921,53327,53677,58123,55421,51054,51167,51620,67988,75010,
225,56677,53465,53833,53887,51330,49501,76472,50394,63557,89449,53608,54055,53991,70546,72240,72672,46044,48550,52864,54015,47306,43617,62387,55045,55366,55377,46589,53865,47427,46872,134051,73242,54960,50758,54486,50270,50558,50090,75202,79711,49038,48803,58898,44112,51663,72713,69584,47874,52755,47954,82261,47817,51032,63270,64883,52232,52031,57352,54117,49960,50202,50792,66935,73964,
226,55682,52084,52306,52166,50373,48312,76336,48929,61814,87089,52565,52473,52787,69813,70713,72334,45148,46774,51233,52754,46353,42507,60947,54706,54532,53824,45243,52398,46220,45650,132252,71784,53603,50063,53404,48685,49387,49304,74509,78540,47089,47309,56352,42983,50192,71450,68231,46461,51317,46953,80201,46670,50134,62185,63933,51077,50213,55491,52329,48562,49194,49411,66397,73679,
227,53814,50346,50385,50549,48543,47393,74515,47454,60511,84108,50630,50479,51761,68348,69439,71002,43766,45238,49472,50741,45444,41453,60623,52874,52964,51944,43606,50516,45243,44807,130232,70057,51858,48579,51846,47419,48267,48182,72877,77212,46430,46029,54832,41688,48923,70350,66784,45032,49698,45573,77098,45075,49453,61229,62919,50227,48119,53661,50904,46851,47973,48597,65138,72331,
228,52208,48874,48345,48579,47874,46155,73672,46642,58157,81455,49056,49097,50587,67492,68294,69525,42118,43003,48291,48520,44025,40234,59069,52462,51238,49639,42321,48219,43927,43729,129034,69333,50603,47089,50114,45692,46424,46867,71978,75450,45293,44631,52758,40192,47432,68633,66130,44009,47936,43416,74985,43849,48268,59917,61729,49207,46036,51454,48938,46181,46351,46801,64669,70906,
229,50619,47092,46432,47074,46836,44809,72661,45343,56041,77287,47305,47090,49518,66301,66995,68641,40427,41300,45862,47209,42913,39640,58467,50827,49057,48201,40063,46889,43000,43026,126799,68113,48594,45448,48271,44076,45538,45931,70985,74113,43126,43581,51938,38764,46282,67457,64348,42763,46186,41622,71453,42742,47226,59061,60728,47990,43454,49761,47702,43930,45625,45577,62743,69925,
230,48816,45504,43866,44967,45066,43903,70935,43440,54402,73844,45768,45177,47757,64795,65237,67507,39075,39311,44031,44659,41410,38726,57155,50359,47672,46201,38499,44807,41849,41723,125515,66888,46555,44256,46770,42135,44229,44233,69429,71913,41703,41876,48897,36909,45042,66129,63239,41243,43905,40260,68506,40796,46203,57719,59991,46570,40786,47177,45436,42417,44192,44465,62004,68640,
231,46537,43463,41381,43212,43904,42896,69432,42033,51560,69792,43035,42981,46561,63223,63464,65520,37324,36786,41462,42805,40433,37275,55361,48088,45334,43341,36402,41975,40573,40334,123278,65105,43892,42675,45140,40123,42912,43133,68135,69706,39991,40338,46789,34984,43360,64407,61243,40102,41159,38414,64749,39045,45557,56452,58781,45379,38006,44935,43515,40907,42791,43193,60321,67701,
232,45266,41756,39458,41966,43082,41497,67991,40767,50097,68312,41613,41291,45130,62100,62498,64966,36550,35384,39979,40665,39177,36536,54694,47514,43973,41759,34826,40168,39439,39811,121232,63773,42465,41212,43784,38338,41640,41716,66687,67891,38611,38939,45194,33622,42036,62767,60363,38943,39515,37179,62382,37591,44389,55090,57660,44317,35530,43272,42045,39315,41621,41723,59601,66830,
233,42717,40022,36149,39490,41377,40204,66878,39392,47075,63392,39074,38833,43740,60314,60435,63593,34283,31743,36901,37730,38229,35177,53919,46356,41851,38868,32396,36466,38069,38362,118731,62064,39527,38877,41305,36048,40507,40411,65154,66609,37095,36758,42707,30952,40314,60711,58745,37328,36520,34854,58391,35779,43063,53718,56329,42379,30880,40032,39250,36975,39871,40447,58347,64635,
234,39812,37179,32336,37140,39915,38286,64710,37291,44174,58666,36570,35985,41805,58640,59012,62125,31538,26958,33612,34597,36678,33625,52022,44167,39077,35692,28619,33234,36244,35846,117003,60318,36750,36843,39002,33079,38336,38403,63726,64386,34365,34983,39725,28288,38181,59127,57138,34669,32893,32043,53919,33335,41718,52241,54931,40871,23904,35860,37004,34620,38319,38587,57201,63221,
235,37079,34167,26138,34184,38123,37221,63323,35498,40395,53077,32715,32412,40156,56359,57263,59667,28524,19561,29264,28421,34966,32255,50511,42592,36159,31449,24173,27143,34689,35449,113966,58552,32136,34069,36307,29109,36485,36322,61760,61317,32580,32395,36523,24706,36172,57075,54877,33188,27424,29064,47918,30211,40415,50511,53231,39607,15122,29709,32592,31230,36621,37274,55634,61520,
236,32432,29529,17682,30026,36278,34908,61411,33030,36652,45150,27353,26441,38237,54530,54224,58073,23625,11414,22449,21456,33305,30559,48421,40623,31828,24792,17398,18701,32731,33493,111154,56222,25268,30674,31912,22765,34457,34443,60040,57607,29454,29297,31058,18847,33921,54798,52201,30849,19638,24643,38166,25410,38904,48834,51153,37332,7879,20324,26320,26370,34485,34895,53875,59725,
237,25669,23197,9372,23665,34153,32520,58740,30298,30567,32029,19497,18062,36503,52043,51473,56042,16636,5367,13595,12254,31661,28419,46979,38804,24674,15911,9635,10407,30997,31627,108341,53802,16262,25090,25552,15060,32373,32123,57998,49787,25211,24410,22558,11404,31408,51996,48983,28441,11200,17518,24941,18354,37070,46821,50027,35296,3898,10959,17968,19527,32628,32585,52024,58201,
238,17655,15274,4729,15787,31878,30602,56693,27000,22638,18985,11525,10461,33585,48761,47781,52796,9583,2828,7101,5992,29869,26399,44570,36652,15975,8307,4779,5273,28207,29567,103817,49889,8619,17285,17636,8192,29788,28789,54797,38442,19247,17283,13712,5780,27746,47794,41135,24255,5566,10370,13518,10701,35140,44264,47955,32547,2733,5504,10026,11299,29769,30082,50039,55502,
239,9481,7862,2861,8558,29347,27702,52604,21230,13081,9140,5635,5071,29835,43117,39679,48320,4500,2041,3549,3178,27044,22937,40487,34000,7965,4114,2594,3025,25399,26723,98864,43647,4202,9431,9360,4064,26564,22990,51873,23691,11775,9553,6652,2749,22351,41395,29709,18628,3158,5258,6583,5048,33331,40390,44798,29066,2227,3128,4883,5447,26034,27121,47096,52713,
240,4633,3756,2341,4058,26306,24154,46897,15968,6492,4787,3098,2863,25677,36120,31081,41518,2534,1872,2409,2295,25204,19128,35047,31404,3955,2528,2088,2448,21573,24306,91444,35474,2618,4416,4308,2568,22845,17494,48125,14267,5928,4439,3376,1827,16326,33764,19627,13291,2422,2755,4255,2723,31231,36407,41548,25211,2153,2408,2712,2879,21788,23590,43932,48431,
241,2848,2490,2238,2649,21023,18367,36008,8638,3882,3695,2504,2354,18621,24026,18070,28877,1934,1833,2303,2172,20528,13026,25205,26673,2767,2215,1850,2286,15442,19128,75160,23481,2324,2705,2723,2152,16093,9878,40014,7856,3201,2717,2576,1691,9321,21471,10253,6901,2239,1965,3694,2069,26928,27910,36011,18573,2028,2429,2266,2233,15096,17417,36973,39473,
242,2337,2121,2190,2269,14330,11232,22609,4106,3135,3367,2350,2068,10899,12836,9265,16587,1838,1821,2205,2180,14765,7110,15389,19390,2449,2061,1840,2281,8947,12917,52252,13242,2142,2158,2245,1993,9292,4930,27803,6204,2240,2033,2294,1528,4535,11448,6211,3445,2099,1730,3488,1884,20808,17388,27460,11335,1976,2272,2265,2088,8979,10941,26653,26664,
243,2147,2061,2070,2044,7454,5643,11807,2251,2790,3218,2253,2036,5229,6807,5692,8726,1779,1683,2028,2076,8577,3500,8098,11975,2434,2080,1741,2093,4539,6929,30266,7741,2021,2058,2050,1953,4491,2835,15768,5625,1844,1977,2167,1555,2573,6530,5046,2032,2115,1645,3447,1780,13107,9135,17240,5738,1916,2201,2099,1965,4254,5484,15750,15139,
244,2003,1991,1959,1937,3758,2772,6859,1780,2707,3046,2143,2004,2702,4602,4898,5874,1653,1669,2041,2031,4337,1900,5043,5923,2324,1913,1670,2012,2412,3287,17689,5768,2021,1915,1959,1983,2365,2271,8526,5427,1786,1806,2166,1451,1886,4776,4744,1689,2048,1581,3279,1778,6676,5017,9439,2845,1824,2192,2048,1922,2246,2867,8378,8249,
245,2019,1868,1976,1971,2302,1835,5587,1671,2567,2829,2096,1915,1970,4168,4521,5105,1642,1582,1965,1952,2453,1524,3971,3206,2234,1840,1650,2060,1845,2023,12643,5154,1829,1970,1903,1846,1746,2110,5696,5298,1657,1827,2130,1365,1720,4451,4668,1556,1942,1559,3168,1715,3602,3922,5515,2278,1729,2102,1967,1859,1773,1986,5505,6073,
246,1902,1796,1855,1900,1854,1685,5158,1587,2481,2789,2031,1801,1723,4080,4548,5070,1610,1583,1912,1918,1837,1383,3768,2385,2066,1833,1631,1906,1670,1653,11324,5085,1852,1903,1903,1679,1602,2037,5071,5240,1647,1775,2028,1375,1753,4341,4398,1504,1871,1513,3030,1631,2363,3630,4354,1907,1745,1931,1895,1788,1650,1705,4616,5155,
247,1825,1698,1706,1831,1747,1594,5080,1527,2391,2680,1925,1712,1716,3891,4595,4889,1523,1449,1846,1812,1614,1226,3640,2046,2122,1704,1548,1883,1617,1508,10714,4824,1790,1794,1773,1700,1418,2008,4827,5118,1591,1614,2008,1255,1572,4168,4445,1496,1834,1500,3022,1545,1902,3515,3924,1953,1572,1893,1752,1693,1575,1651,4459,4878,
248,1844,1730,1717,1729,1647,1619,4807,1477,2345,2623,1896,1671,1724,3984,4387,4789,1463,1400,1837,1733,1513,1268,3545,1994,2057,1710,1490,1775,1521,1382,10590,4791,1757,1805,1765,1659,1444,1914,4557,5022,1559,1634,1940,1226,1562,4026,4461,1458,1710,1436,2911,1506,1995,3432,3825,1898,1576,1848,1734,1754,1461,1585,4362,4881,
249,1735,1617,1559,1668,1566,1474,4931,1451,2227,2546,1739,1580,1722,3644,4389,4791,1376,1421,1766,1643,1415,1350,3474,1816,1946,1610,1428,1641,1543,1418,10295,4764,1742,1675,1675,1524,1403,1803,4498,4988,1505,1588,1886,1193,1489,4024,4347,1383,1653,1332,2713,1419,1786,3269,3619,1797,1490,1697,1735,1587,1402,1540,4183,4846,
250,1626,1631,1601,1627,1511,1462,4863,1428,2133,2411,1666,1550,1593,3682,4273,4628,1362,1316,1608,1583,1318,1248,3356,1841,1902,1582,1311,1638,1452,1402,10306,4685,1711,1546,1625,1558,1405,1870,4651,4903,1369,1518,1826,1160,1454,3961,4321,1324,1679,1280,2697,1414,1747,3289,3571,1721,1499,1737,1626,1571,1423,1438,4187,4732,
251,1609,1522,1451,1528,1490,1391,4522,1337,2077,2415,1645,1477,1531,3628,4037,4597,1299,1216,1524,1577,1387,1154,3461,1837,1785,1548,1268,1618,1402,1299,10246,4656,1573,1587,1492,1485,1289,1857,4354,4756,1294,1474,1720,1125,1429,3840,4123,1285,1528,1255,2571,1358,1648,3053,3507,1655,1358,1670,1583,1467,1389,1396,4104,4661,
252,1563,1373,1441,1448,1395,1262,4535,1266,1894,2315,1582,1408,1487,3479,3976,4436,1253,1182,1471,1444,1265,1073,3379,1806,1768,1417,1231,1449,1354,1295,9703,4415,1493,1534,1526,1370,1184,1739,4313,4706,1325,1456,1555,1085,1281,3735,4027,1255,1425,1153,2447,1306,1594,3132,3489,1643,1309,1640,1522,1465,1362,1356,4085,4543,
253,1394,1311,1390,1471,1338,1262,4475,1154,1944,2057,1544,1334,1456,3362,3850,4356,1232,1065,1437,1417,1209,1084,3232,1743,1624,1348,1148,1454,1306,1136,9845,4389,1496,1415,1443,1308,1186,1600,4179,4443,1262,1338,1597,963,1325,3600,3948,1196,1416,1127,2259,1201,1637,3046,3401,1594,1217,1584,1431,1351,1224,1254,3921,4549,
254,1350,1345,1286,1321,1355,1173,4508,1202,1804,2019,1450,1232,1291,3305,3867,4237,1148,1043,1335,1306,1138,1086,3180,1699,1577,1315,1149,1291,1267,1223,9616,4353,1358,1367,1354,1260,1175,1635,4236,4408,1263,1270,1576,962,1259,3508,3883,1169,1307,1097,2202,1201,1597,2928,3376,1609,1133,1503,1426,1331,1216,1316,3896,4450,
255,1351,1216,1193,1309,1246,1129,4297,1125,1737,1882,1386,1191,1322,3278,3791,4265,1075,982,1323,1266,1143,955,3070,1600,1529,1230,1039,1216,1107,1129,9181,4225,1273,1309,1266,1146,1127,1493,4017,4318,1131,1235,1374,936,1166,3441,3899,1076,1225,962,2011,1123,1532,2803,3265,1425,1056,1318,1241,1230,1133,1150,3862,4257,
256,1319,1177,1111,1227,1102,1078,4126,993,1615,1767,1286,1163,1231,3048,3602,3979,1091,875,1194,1198,1046,881,2961,1444,1389,1138,994,1172,1052,1063,8838,4047,1191,1246,1204,1065,1039,1376,3784,4053,1105,1142,1317,841,1021,3189,3610,962,1174,942,1891,1034,1415,2723,3121,1323,906,1219,1210,1183,1030,1096,3561,4236,
257,1211,1097,1000,1159,1099,1054,3997,994,1500,1636,1194,1090,1164,2967,3403,3931,970,811,1051,1061,940,879,2900,1420,1416,1101,855,1059,1012,968,8596,3985,1088,1157,1161,1042,936,1285,3768,4016,1043,1087,1233,745,968,3100,3483,955,1069,906,1849,1045,1337,2621,3076,1310,854,1125,1154,1159,1020,1043,3615,3916,
258,1088,1006,925,1063,996,961,3882,904,1404,1496,1119,1063,1100,2879,3261,3807,875,699,945,969,941,752,2727,1390,1324,968,852,1032,952,915,8480,3752,1087,1125,1235,989,888,1285,3715,3641,976,1023,1151,759,904,2956,3464,823,1027,804,1656,905,1314,2604,2918,1209,772,1115,1085,1038,844,1022,3491,4053,
259,1039,1020,818,1029,922,1007,3851,824,1333,1421,1031,870,1045,2757,3249,3792,821,632,877,920,942,822,2665,1289,1268,910,760,875,877,890,8429,3631,985,1104,1054,925,831,1201,3490,3674,920,1022,1016,637,846,2870,3398,851,891,766,1584,883,1314,2426,2934,1140,633,957,1011,945,848,940,3326,3899,
260,971,911,741,932,897,900,3697,773,1228,1274,889,877,972,2699,3190,3479,713,502,833,866,836,686,2640,1160,1109,812,701,849,932,753,8331,3523,895,1032,979,794,709,1058,3427,3524,890,867,970,561,811,2714,3107,768,772,747,1437,854,1260,2407,2769,1053,476,881,981,940,808,880,3321,3657,
261,908,771,647,882,837,798,3465,618,1136,1187,863,718,945,2576,2956,3431,675,401,794,701,811,646,2529,1188,991,761,618,714,817,776,8046,3383,816,910,875,725,706,1013,3360,3114,809,923,933,509,764,2649,3036,691,678,655,1314,701,1175,2433,2747,1031,324,774,864,814,712,841,3234,3618,
262,832,772,516,805,830,764,3500,642,969,963,804,619,884,2494,2769,3378,649,291,618,654,710,584,2348,1100,892,630,517,629,717,675,7832,3292,636,829,827,628,665,916,3228,2715,746,811,820,417,652,2524,2845,609,547,561,1152,647,1055,2243,2648,924,196,655,758,674,712,747,3164,3522,
263,747,671,339,735,759,718,3298,573,967,886,702,577,783,2404,2712,3185,508,167,498,479,706,578,2318,1013,823,500,383,468,647,656,7595,3164,512,745,666,568,605,902,3019,2178,642,649,669,305,564,2344,2532,493,449,470,917,549,1079,2101,2575,815,138,460,616,657,648,716,2989,3302,
264,677,566,248,679,694,625,3318,513,837,670,605,485,739,2282,2425,3184,427,117,406,344,676,485,2214,1006,758,427,248,318,650,648,7434,2940,384,680,653,451,603,795,3020,1791,614,656,624,221,588,2260,2218,469,331,373,776,454,927,2066,2444,777,93,307,524,564,614,682,2881,3388,
265,524,445,156,539,621,586,3028,389,687,445,477,368,696,2009,2140,2878,315,61,259,187,553,445,2007,839,592,260,133,186,589,543,6983,2664,203,542,518,307,497,668,2933,1105,506,520,407,145,424,2011,1559,341,216,265,512,305,897,1896,2362,742,79,184,352,411,503,557,2635,3259,
266,391,327,95,415,563,520,2754,326,578,272,290,223,535,1751,1498,2613,210,56,137,113,551,333,1757,848,506,158,103,139,441,492,6482,2269,151,404,365,167,443,522,2759,704,436,382,289,72,311,1803,986,240,127,185,326,197,785,1739,2245,632,72,131,189,298,419,522,2641,2882,
267,250,208,88,285,485,449,2289,193,415,157,191,141,440,1239,927,2011,116,61,80,79,471,230,1391,738,323,104,72,99,414,429,6059,1789,106,275,228,107,317,298,2491,526,295,251,163,46,173,1340,607,151,84,99,186,101,818,1470,2031,498,70,80,144,136,308,445,2395,2486,
268,132,121,79,171,392,280,1627,117,265,104,118,87,266,750,549,1305,64,62,67,77,429,144,861,598,155,81,51,71,276,337,4944,1105,91,179,132,69,237,196,2086,499,196,166,100,50,87,812,433,85,75,63,148,76,624,1180,1862,338,63,77,87,99,204,322,2068,1818,
269,103,82,66,109,287,218,1080,82,156,93,77,56,142,431,445,853,54,40,87,78,275,70,477,488,114,54,52,67,164,241,3673,707,82,115,69,69,107,149,1617,465,106,105,90,58,64,524,408,56,72,50,124,70,484,750,1499,200,65,71,72,63,109,205,1637,1284,
270,77,61,71,74,148,102,666,74,136,95,65,72,103,338,380,553,53,55,77,71,185,67,389,386,101,58,42,71,89,135,2317,513,78,75,62,65,72,109,1012,448,77,82,76,31,48,373,344,50,57,51,120,55,342,433,1008,123,57,66,75,51,63,139,1113,825,
271,67,46,59,59,100,60,503,46,118,84,67,48,68,246,357,448,52,45,62,49,106,37,304,213,88,51,58,66,58,89,1447,434,56,65,56,68,49,89,609,431,50,63,64,32,54,265,371,48,65,42,110,55,213,322,677,80,61,67,53,61,59,83,624,560,
272,56,70,54,61,69,55,422,51,102,67,57,55,59,257,365,408,47,40,78,57,66,49,268,152,87,61,50,51,46,64,1250,415,65,72,60,52,55,83,498,440,40,58,61,36,46,292,354,61,52,48,119,45,112,256,425,59,70,72,61,58,44,66,516,471,
273,68,51,60,50,50,37,426,53,94,84,61,53,45,271,346,425,43,36,70,43,40,31,258,84,76,55,44,64,49,44,1068,405,55,63,60,49,54,105,395,424,51,57,66,33,36,297,349,49,53,32,90,47,89,260,331,61,78,53,72,46,36,57,407,399,
274,51,47,52,51,48,38,429,54,91,79,60,43,45,242,348,410,40,34,61,56,60,26,269,85,76,45,40,58,53,44,1016,432,61,56,52,61,49,84,375,389,41,39,68,31,45,304,347,49,48,39,99,40,68,243,296,63,63,53,54,51,40,57,351,437,
275,63,38,54,60,40,43,370,54,80,50,47,37,46,249,330,405,50,36,50,47,30,33,251,75,86,47,40,52,45,33,904,397,54,53,46,50,37,76,370,379,46,52,68,40,46,263,333,55,47,36,95,39,58,231,303,49,54,44,55,47,37,44,376,396,
276,44,46,49,43,40,41,383,50,78,62,61,53,50,240,340,403,31,29,53,45,36,42,261,76,77,36,43,59,36,45,940,381,58,54,58,43,33,71,349,389,41,50,62,25,25,239,353,39,52,37,89,38,58,221,277,77,40,58,48,54,37,40,341,401,
277,39,42,42,42,43,41,402,34,69,49,73,49,32,231,333,394,29,26,54,47,34,30,256,58,74,29,37,32,31,50,839,395,43,34,46,50,36,90,317,372,35,38,62,33,40,258,340,46,48,31,72,36,66,207,270,54,44,47,58,47,34,43,318,412,
278,53,37,49,37,41,34,402,37,73,51,42,28,34,207,324,389,32,28,56,40,33,23,234,59,58,37,24,49,28,42,861,388,51,44,64,42,32,82,355,376,44,47,54,24,26,243,319,37,40,30,95,38,48,190,247,68,32,42,43,28,29,41,352,415,
279,35,49,40,38,27,30,355,47,66,43,46,36,35,220,312,356,24,30,54,30,32,22,197,62,72,38,23,42,40,45,852,376,44,50,44,40,32,89,363,346,36,43,53,21,34,233,289,33,28,32,64,31,67,199,266,52,38,39,49,39,30,41,336,377,
280,34,36,43,49,35,26,386,37,56,45,34,29,49,216,302,380,32,25,35,44,31,20,222,63,53,40,36,41,30,35,869,366,37,38,35,30,31,94,350,380,24,30,59,18,30,234,302,43,30,28,60,32,55,180,272,53,33,40,44,35,28,38,325,396,
281,30,40,36,44,29,26,352,38,67,41,40,34,34,226,276,334,34,24,43,39,43,19,222,46,70,26,23,29,36,38,834,339,41,58,46,20,25,61,306,339,30,39,46,31,29,235,285,31,31,29,72,31,51,175,260,44,33,34,42,49,18,38,283,381,
282,33,32,42,51,26,24,340,31,47,47,46,32,30,183,276,388,36,20,41,30,27,20,215,62,52,31,23,27,35,37,795,339,42,35,36,34,20,70,336,306,26,33,52,16,26,210,286,32,29,32,71,34,58,186,245,44,29,44,34,26,21,40,318,349,
283,32,27,35,40,30,25,342,28,62,37,39,27,40,166,260,373,24,17,27,30,27,23,216,60,63,24,28,28,27,37,801,332,31,40,41,18,19,70,273,291,19,44,37,10,30,195,291,28,28,21,62,35,40,187,249,44,28,37,33,36,31,30,286,329,
284,26,35,23,23,25,25,310,29,50,33,30,32,17,212,258,334,14,14,45,24,29,18,201,54,53,23,29,20,22,27,784,327,24,28,22,22,22,57,289,280,20,23,32,6,22,198,276,30,24,22,53,28,54,177,248,41,30,21,24,29,27,29,318,330,
285,28,20,36,32,25,30,339,26,53,30,25,17,23,180,248,299,22,13,18,32,12,17,179,40,54,26,18,27,28,24,785,302,29,31,20,29,23,54,273,318,33,37,37,13,29,210,277,26,22,15,48,21,60,169,215,30,18,35,37,27,26,30,284,316,
286,20,24,16,29,25,23,315,22,47,30,39,26,23,162,256,322,22,10,28,18,22,23,188,49,45,15,19,29,28,30,732,321,27,22,24,22,18,48,268,302,32,42,40,16,21,194,254,23,22,21,42,18,59,145,225,40,23,21,27,26,9,30,237,314,
287,26,23,28,29,21,26,295,24,39,26,25,16,26,164,256,272,19,12,18,19,19,21,210,46,42,18,21,20,24,35,732,292,25,26,21,15,21,55,254,242,19,29,30,6,14,197,249,25,13,13,54,22,41,157,204,30,13,25,29,19,16,33,275,304,
288,20,23,18,21,21,26,249,22,46,21,20,14,28,162,223,246,6,6,27,20,14,22,170,30,26,16,9,22,21,18,751,259,24,21,23,13,14,48,276,220,15,14,25,6,15,173,210,27,10,13,40,9,48,129,200,25,12,6,22,18,10,34,256,322,
289,22,18,18,17,22,17,292,25,45,13,16,14,23,137,192,311,14,5,22,8,23,16,160,28,34,9,7,7,15,27,688,267,24,18,12,19,15,47,271,137,10,15,28,8,14,162,198,17,10,4,38,12,31,144,192,21,9,12,16,14,17,20,259,278,
290,20,20,13,16,23,19,274,20,36,12,18,8,25,127,170,275,7,2,16,4,26,8,144,33,26,7,8,9,9,18,662,258,15,19,27,8,17,39,251,110,10,16,17,4,11,168,151,22,5,4,30,11,32,134,193,27,10,6,16,21,11,25,237,289,
291,11,16,12,9,18,16,257,14,31,8,17,8,15,125,155,248,14,2,9,6,11,11,140,27,27,5,3,10,15,20,647,252,17,10,14,12,12,31,243,70,12,13,11,4,10,135,107,16,5,7,24,6,23,114,195,20,8,3,11,12,10,14,221,259,
292,10,6,8,12,11,12,222,12,33,9,11,5,14,139,113,212,5,2,23,8,16,10,116,27,27,1,3,3,12,18,593,224,5,13,8,9,10,25,229,48,9,13,15,1,5,157,70,10,4,3,22,6,27,133,165,29,12,5,9,11,13,19,218,260,
293,12,6,6,14,10,9,195,11,15,3,4,5,11,85,71,198,4,1,6,0,7,10,99,34,21,2,1,2,10,16,568,164,10,13,10,8,7,22,205,50,10,6,9,1,6,94,58,5,1,1,20,10,33,122,136,15,9,3,4,5,9,16,228,203,
294,5,5,8,1,5,13,169,7,18,4,6,2,12,57,51,144,2,1,11,2,9,4,57,20,9,8,5,5,7,20,526,132,8,10,4,1,8,15,193,48,9,2,9,0,3,71,36,7,2,2,13,5,24,83,171,18,9,4,2,3,3,14,151,181,
295,6,2,10,4,8,10,106,9,19,3,1,4,9,32,39,84,1,3,18,2,10,4,47,27,13,0,2,3,4,9,440,100,5,3,1,6,2,10,169,45,5,4,9,1,1,46,35,4,3,1,11,1,19,66,136,16,8,1,3,1,5,10,190,137,
296,1,1,8,6,6,6,73,8,13,2,1,1,4,40,37,78,3,2,12,0,11,1,47,27,7,4,0,5,2,18,381,58,12,3,2,3,2,12,147,40,6,2,3,1,1,33,47,8,5,1,11,5,15,55,104,7,7,0,1,3,3,20,169,111,
297,2,1,9,1,5,3,55,5,17,1,1,2,4,31,32,59,2,3,8,2,2,1,24,23,6,3,0,0,6,9,217,64,3,2,5,2,1,11,106,43,1,3,9,0,0,27,41,7,1,2,12,5,8,34,101,13,4,1,1,2,0,10,116,66,
298,2,0,9,2,7,1,61,4,9,1,2,0,0,23,45,51,1,0,9,1,1,1,35,15,5,0,4,2,1,14,172,52,6,2,2,1,2,9,63,40,1,4,7,2,1,29,40,5,1,1,15,1,6,27,51,2,11,1,1,0,0,9,71,59,
299,2,3,6,3,0,0,41,11,10,0,2,0,1,24,36,48,0,1,3,1,1,0,26,17,7,1,2,0,0,9,141,39,3,2,2,2,2,10,49,42,0,1,6,0,0,22,35,5,1,0,11,2,3,24,43,5,6,2,7,1,3,7,66,38,
300,2,3,5,1,0,3,45,9,13,1,3,0,2,13,24,41,1,0,9,1,2,0,26,8,6,1,1,5,1,6,104,46,12,1,1,0,0,8,51,52,0,1,5,2,2,20,38,8,2,2,13,0,7,12,26,7,5,1,3,1,1,6,47,45,
301,3,0,5,1,0,2,45,1,11,2,4,0,2,16,32,47,1,2,11,0,1,0,15,7,9,0,1,3,1,4,96,35,7,3,0,2,0,4,48,42,0,1,6,1,1,28,39,4,0,0,7,1,1,20,13,7,5,0,3,3,0,13,32,55,
302,3,1,5,4,1,0,35,9,21,2,3,0,1,19,33,48,2,0,12,3,1,0,19,8,6,6,2,4,0,14,100,51,8,2,2,2,0,11,44,40,1,2,6,1,1,18,45,6,1,1,6,1,0,12,21,11,6,1,1,0,1,8,25,35,
303,0,0,9,0,1,3,26,11,9,1,2,1,0,23,40,40,2,0,7,1,0,1,26,2,4,0,1,1,0,4,99,33,11,1,1,1,0,8,38,36,1,0,9,1,1,25,35,6,2,1,6,1,3,24,24,5,4,2,0,0,1,6,32,34,
304,1,0,6,2,2,1,44,13,8,0,3,0,1,19,16,39,1,0,5,1,3,0,11,6,3,1,0,0,2,9,83,47,7,2,2,3,0,8,33,46,3,0,4,0,1,16,28,11,0,0,10,2,3,14,30,7,6,3,1,1,1,5,36,34,
305,0,0,5,0,2,0,39,5,9,1,1,0,1,16,24,43,2,0,7,1,1,1,12,8,7,2,0,1,0,8,114,34,6,3,0,0,0,11,30,32,1,2,6,0,0,22,45,10,3,0,11,0,0,15,20,4,9,1,0,2,1,5,39,37,
306,1,1,5,0,1,3,35,11,12,0,1,0,1,20,27,40,1,1,7,3,0,3,17,4,7,0,1,0,1,8,93,28,7,1,0,1,0,7,24,32,1,0,12,1,0,17,37,6,2,0,5,1,3,15,25,7,5,0,2,1,0,5,26,40,
307,3,3,6,0,2,1,36,9,6,2,0,0,0,13,26,28,0,0,7,0,1,0,16,2,6,1,1,1,1,5,97,32,3,1,2,1,0,8,30,30,1,0,3,0,2,21,33,4,2,2,9,0,4,21,30,8,11,2,0,0,0,4,35,33,
308,1,0,8,1,0,1,24,8,6,1,1,0,1,21,27,32,1,0,5,1,0,1,16,8,4,0,1,2,2,8,80,38,2,0,1,0,0,6,32,36,1,1,9,0,1,16,22,2,3,0,11,1,1,28,23,4,7,2,0,1,0,6,30,20,
309,0,1,7,1,0,0,37,6,9,0,1,0,0,16,17,39,1,0,6,0,0,1,18,8,4,1,2,1,0,7,76,38,5,1,0,0,2,5,31,34,0,0,11,0,0,22,24,10,0,0,10,1,0,15,25,5,5,0,1,1,2,12,35,32,
310,1,1,5,0,1,0,32,1,6,2,1,1,1,13,26,29,0,0,5,0,0,1,20,10,4,1,0,1,1,7,87,30,2,0,4,2,0,10,33,27,0,1,7,0,0,17,32,5,1,1,9,1,1,11,19,3,13,1,0,0,0,6,29,32,
311,1,1,5,0,3,1,27,8,9,1,1,2,1,14,21,26,3,0,7,0,0,0,20,4,6,0,0,0,2,6,65,33,8,2,1,1,0,5,30,37,0,0,3,0,1,18,27,5,0,0,5,1,3,9,21,5,5,0,0,2,0,7,30,33,
312,0,0,12,1,0,0,26,12,9,0,0,0,0,16,26,26,0,0,5,1,1,0,14,8,6,0,0,0,1,6,66,36,6,1,1,1,0,9,26,25,1,0,8,0,1,20,19,4,1,1,8,0,1,17,23,7,3,0,2,0,0,8,25,26,
313,0,1,1,2,0,0,27,11,11,1,1,1,0,14,20,42,0,0,5,0,1,0,11,5,5,0,0,0,2,4,80,29,7,2,0,2,0,10,23,20,1,1,6,0,0,10,18,2,0,0,6,1,3,9,21,6,6,1,0,0,0,0,19,25,
314,0,1,8,2,0,2,24,3,4,0,1,1,0,16,16,29,1,0,4,0,0,0,15,6,7,1,0,0,1,9,77,33,6,0,0,1,0,7,23,13,0,0,5,0,0,14,17,2,1,0,9,0,1,12,32,7,5,0,0,0,0,7,24,26,
315,0,0,5,2,1,0,23,8,9,0,0,0,0,15,20,25,1,0,2,2,0,1,9,12,6,1,0,0,0,8,61,27,7,0,0,0,0,6,24,10,0,0,5,0,0,13,15,5,0,1,10,2,1,11,21,8,4,0,0,0,0,4,30,24,
316,0,1,8,0,2,0,29,2,11,0,1,1,0,10,23,30,0,0,6,0,1,0,19,8,5,0,1,0,0,8,59,26,8,0,0,0,1,6,26,3,0,0,10,0,1,16,6,8,0,1,8,0,1,7,21,7,4,0,0,1,0,6,15,29,
317,1,0,7,3,1,0,20,4,8,0,3,1,0,13,10,26,0,0,6,0,0,0,14,8,5,1,0,0,1,9,57,28,3,2,0,0,1,8,22,6,1,0,6,0,0,11,6,9,3,0,6,0,1,7,24,3,7,0,0,0,1,4,21,35,
318,0,0,7,0,1,0,17,6,2,0,0,1,0,6,7,19,0,0,5,0,3,0,10,8,13,0,0,1,1,10,65,21,5,2,0,0,0,7,17,1,0,0,5,0,0,9,3,4,0,0,7,0,0,7,15,0,6,1,0,0,0,3,25,24,
319,1,0,5,1,0,0,20,4,10,0,0,0,3,9,3,19,0,0,5,0,0,0,6,4,8,0,0,0,0,3,62,18,3,1,0,0,0,4,14,4,0,1,6,0,0,13,7,6,0,0,2,1,1,15,15,2,4,0,0,0,0,4,21,14,
320,0,0,6,0,0,0,19,3,4,0,0,0,1,8,2,23,0,0,6,0,0,0,6,5,4,0,0,0,0,8,47,15,3,0,0,0,0,8,24,4,1,0,13,0,0,10,7,5,0,0,7,0,2,9,24,8,1,0,0,2,0,4,19,23,
321,1,0,7,0,1,0,10,7,9,0,0,0,0,2,5,11,0,0,3,0,1,0,5,3,4,0,0,0,0,9,47,6,3,0,0,0,0,10,16,6,0,0,5,0,0,5,4,3,0,0,10,0,1,6,19,8,6,0,0,0,0,2,12,25,
322,0,0,2,0,0,0,10,2,11,0,0,1,0,4,3,4,0,0,9,0,0,0,1,6,3,1,0,0,0,6,55,11,7,0,1,0,0,9,19,5,1,0,5,0,0,7,3,5,0,0,5,0,2,6,21,6,5,0,0,0,1,8,14,8,
323,1,0,6,0,1,0,3,5,10,0,0,0,0,1,4,7,0,0,3,1,0,0,2,2,2,0,0,0,0,6,40,3,4,0,0,0,0,4,14,6,0,0,5,0,0,4,6,2,0,0,4,0,0,2,16,4,5,0,0,0,0,9,11,6,
324,0,0,2,0,0,0,5,4,7,0,0,1,0,1,7,7,0,0,3,0,0,0,6,7,5,0,0,0,0,4,18,7,4,0,0,0,0,4,4,2,1,0,7,0,0,5,4,5,0,0,8,0,0,2,13,5,7,0,0,0,0,8,6,4,
325,0,0,4,0,0,0,4,1,11,0,0,1,0,0,5,7,0,0,7,0,0,0,2,5,4,0,0,0,0,1,13,5,4,0,0,0,0,5,6,7,0,0,6,0,0,2,6,3,0,0,3,0,0,2,8,4,7,0,0,0,0,4,13,5,
326,0,0,8,1,0,0,3,3,3,0,0,0,0,2,3,2,0,0,13,0,1,0,2,3,5,0,0,0,0,5,15,5,5,1,0,0,0,6,8,4,0,0,8,0,0,2,4,4,0,0,6,0,2,1,6,3,4,0,0,0,0,7,3,2,
327,0,0,7,0,0,0,5,2,7,0,0,0,0,2,2,5,0,0,6,0,0,0,3,1,4,1,0,0,0,10,10,4,3,0,0,0,0,6,1,4,0,0,5,0,0,4,3,4,0,0,4,0,0,2,0,1,4,0,0,0,0,3,1,3,
328,0,1,6,0,0,0,4,3,4,0,0,0,0,2,2,6,0,0,2,0,0,0,2,5,5,0,0,0,0,9,12,7,6,0,0,0,0,5,5,1,0,0,1,1,0,1,2,3,0,0,7,0,0,0,5,0,6,0,0,1,0,3,2,3,
329,0,0,5,0,0,0,3,5,7,0,0,0,0,0,6,3,0,0,6,0,0,0,1,2,8,0,0,0,0,2,12,2,7,0,0,0,1,8,1,3,0,0,11,0,0,1,7,3,0,0,6,0,0,1,2,2,7,0,0,0,0,2,4,8,
330,0,0,7,0,0,0,0,6,6,0,0,0,0,2,4,8,0,0,3,0,0,0,1,9,5,0,0,0,0,6,6,3,2,0,0,0,0,5,6,2,0,0,6,0,0,0,3,3,0,0,4,0,0,4,5,3,11,0,0,0,0,4,5,4,
331,0,0,6,0,0,0,0,8,5,0,0,0,0,0,4,2,0,0,6,0,0,0,3,1,5,0,0,0,0,4,12,3,7,0,0,0,0,5,2,4,0,0,7,0,0,3,2,1,0,0,4,0,0,1,4,4,6,0,0,0,0,3,3,4,
332,0,0,4,0,0,0,5,4,10,0,0,0,0,2,2,3,0,0,3,0,0,0,0,9,3,0,0,0,0,4,11,3,2,0,0,0,0,10,1,3,0,0,6,0,0,1,0,3,0,0,3,0,0,2,5,0,4,0,0,0,0,7,5,7,
333,0,0,4,0,0,0,5,9,5,0,0,0,0,2,3,6,0,0,4,0,0,0,2,4,7,0,0,0,0,8,8,2,6,0,0,0,0,6,7,6,0,0,4,0,0,2,3,2,0,0,5,0,0,0,1,6,4,0,0,0,0,5,6,4,
334,0,0,3,0,0,0,3,4,6,0,0,0,0,3,3,5,0,0,6,0,0,0,2,2,5,0,0,0,0,2,13,5,4,0,0,0,0,6,4,3,0,0,5,0,0,1,3,3,0,0,4,0,0,0,1,4,3,0,0,0,0,8,2,2,
335,0,0,6,0,0,0,5,2,1,0,0,0,0,1,2,4,0,0,8,0,0,0,2,2,4,0,0,0,0,3,7,3,5,0,0,0,0,2,6,2,0,0,4,0,0,0,2,5,0,0,7,0,0,0,2,4,2,0,0,0,0,6,4,6,
336,0,0,4,0,0,0,1,6,7,0,0,0,0,1,4,1,0,0,3,0,0,0,1,1,4,0,0,0,0,6,9,7,3,0,0,0,0,6,2,3,0,0,10,0,0,2,0,5,0,0,6,0,0,0,3,3,10,0,0,0,0,8,3,2,
337,0,0,2,0,0,0,1,6,6,0,0,0,0,1,1,2,0,0,4,0,0,0,2,5,6,0,0,0,0,6,8,1,3,0,0,0,0,5,3,2,1,0,7,0,0,1,2,3,0,0,8,0,0,1,2,2,4,0,0,0,0,5,4,3,
338,0,0,5,0,0,0,5,3,5,0,0,0,0,0,4,2,0,0,7,0,0,0,2,2,6,0,0,0,0,3,4,3,0,0,0,0,0,2,4,3,0,0,6,0,0,1,2,7,0,0,4,0,0,2,5,4,4,0,0,0,0,2,1,4,
339,0,0,3,0,0,0,2,7,10,0,0,0,0,0,4,4,0,0,7,0,0,0,2,4,10,0,0,0,0,6,6,1,3,0,0,0,0,2,4,0,0,0,2,0,0,1,0,4,0,0,2,0,0,1,3,4,9,0,0,0,0,4,2,2,
340,0,0,7,0,0,0,5,8,4,0,0,0,0,0,1,5,0,0,4,0,0,0,1,6,5,0,0,0,0,5,8,5,4,0,0,0,0,3,1,1,0,0,3,0,0,1,2,2,0,0,6,0,0,0,2,5,6,0,0,0,0,6,4,1,
341,0,0,3,0,0,0,3,7,6,0,0,0,0,1,2,2,0,0,3,0,0,1,0,2,4,0,0,0,0,2,8,0,5,0,0,0,0,10,6,1,0,0,4,0,0,1,1,1,0,0,9,0,0,1,1,5,5,0,0,0,0,1,0,3,
342,0,0,3,0,0,0,2,1,5,0,0,0,0,0,1,2,0,0,3,0,0,0,1,4,4,0,0,0,0,4,7,4,5,0,0,0,0,0,2,0,0,0,5,0,0,2,0,10,0,0,7,0,0,1,1,7,4,0,0,0,0,7,1,0,
343,0,0,5,0,0,0,2,7,3,0,0,0,0,1,3,2,0,0,5,0,0,0,1,1,3,0,0,0,0,4,10,5,4,0,0,0,0,3,4,0,0,0,4,0,0,2,0,3,0,0,2,0,0,0,3,6,7,1,0,0,0,1,3,3,
344,0,0,3,0,0,0,1,3,5,0,0,0,0,1,1,1,0,0,3,0,0,0,1,2,6,0,0,0,0,8,7,0,6,0,0,0,0,2,2,1,0,0,6,0,0,2,0,3,0,0,5,0,0,0,3,2,5,0,0,0,0,2,0,3,
345,0,0,0,0,0,0,1,9,4,0,0,0,0,0,1,1,0,0,3,0,0,0,0,4,3,0,0,0,0,1,4,2,6,0,0,0,0,6,4,0,0,0,2,0,0,0,1,3,0,0,4,0,0,1,4,4,4,0,0,0,0,4,3,4,
346,0,0,4,0,0,0,2,5,7,0,0,0,0,0,0,2,0,0,1,0,0,0,2,2,2,0,0,0,0,3,1,1,4,0,0,0,0,2,1,0,0,0,4,0,0,1,0,3,0,0,5,0,0,0,0,1,6,0,0,0,0,7,5,0,
347,0,0,6,0,0,0,1,5,5,0,0,0,0,0,0,0,0,0,3,0,0,0,0,2,3,0,0,0,0,1,8,0,2,0,0,0,0,3,2,0,0,0,6,0,0,0,0,5,0,0,6,0,0,0,1,0,2,0,0,0,0,6,1,2,
348,0,0,5,0,0,0,1,3,6,0,0,0,0,0,2,0,0,0,2,0,0,0,0,5,2,0,0,0,0,4,2,0,7,0,0,0,0,6,0,0,0,0,1,0,0,0,0,1,0,0,2,0,0,0,1,5,5,0,0,0,0,5,3,1,
349,0,0,5,0,0,0,1,2,5,0,0,0,0,0,1,1,0,0,3,0,0,0,0,3,4,0,0,0,0,4,4,1,2,0,0,0,0,3,2,0,0,0,4,0,0,0,0,2,0,0,2,0,0,0,1,3,6,0,0,0,0,7,0,1,
350,0,0,6,0,0,0,0,2,4,0,0,0,0,0,0,0,0,0,2,0,0,0,0,1,5,0,0,0,0,4,3,0,7,0,0,0,0,5,0,0,0,0,5,0,0,1,0,3,0,0,4,0,0,1,2,4,5,0,0,0,0,6,3,0,
351,0,0,5,0,0,0,1,6,6,0,0,0,0,0,0,0,0,0,3,0,0,0,0,7,4,0,0,0,0,10,2,1,3,0,0,0,0,8,0,0,0,0,4,0,0,0,0,2,0,0,6,0,0,0,0,1,7,0,0,0,0,4,0,0,
352,0,0,5,0,0,0,1,7,3,0,0,0,0,0,0,0,0,0,6,0,0,0,0,0,4,0,0,0,0,4,0,1,5,0,0,0,0,5,1,2,0,0,3,0,0,0,0,6,0,0,3,0,0,0,0,3,7,0,0,0,0,3,1,0,
353,0,0,5,0,0,0,1,4,2,0,0,0,0,1,2,2,0,0,4,0,0,0,0,1,7,0,0,0,0,2,2,1,2,1,0,0,0,3,0,1,0,0,4,0,0,0,0,1,0,0,2,0,0,1,1,2,7,0,0,0,0,1,1,2,
354,0,0,3,0,0,0,0,3,3,0,0,0,0,0,0,1,0,0,3,0,0,0,0,7,2,0,0,0,0,1,2,0,1,0,0,0,0,1,0,1,0,0,6,0,0,0,0,2,0,0,3,0,0,1,0,2,4,0,0,0,0,2,1,0,
355,0,0,7,0,0,0,1,5,2,0,0,0,0,0,0,1,0,0,6,0,0,0,1,3,2,0,0,0,0,2,3,0,3,0,0,0,0,5,0,0,0,0,6,0,0,0,0,1,0,0,2,0,0,0,0,7,6,0,0,0,0,1,2,1,
356,0,0,3,0,0,0,0,6,4,0,0,0,0,0,1,0,0,0,3,0,0,0,0,3,4,0,0,0,0,1,1,0,4,0,0,0,0,2,1,0,0,0,3,0,0,0,0,7,0,0,5,0,0,0,0,2,5,0,0,0,0,3,0,1,
357,0,0,6,0,0,0,0,1,4,0,0,0,0,0,0,1,0,0,7,0,0,0,0,1,1,0,0,0,0,4,1,0,2,0,0,0,0,1,1,0,0,0,3,0,0,0,0,3,0,0,6,0,0,0,0,5,4,0,0,0,0,1,3,1,
358,0,0,6,0,0,0,0,2,5,0,0,0,0,0,0,1,0,0,5,0,1,0,0,3,6,0,0,0,0,3,0,1,4,0,0,0,0,1,0,0,0,0,9,0,0,0,0,4,0,0,2,0,0,0,1,2,5,0,0,0,0,6,0,1,
359,0,0,0,0,0,0,0,3,1,0,0,0,0,0,0,2,0,0,5,0,0,0,0,4,3,0,0,0,0,8,2,0,5,0,0,0,0,2,1,0,0,0,4,0,0,0,0,4,0,0,4,0,0,0,0,1,4,0,0,0,0,6,0,0,
360,0,0,2,0,0,0,0,6,4,0,0,0,0,0,0,0,0,0,10,0,0,0,0,2,2,0,0,0,0,2,0,0,3,0,0,0,0,6,0,0,0,0,3,0,0,0,0,3,0,0,11,0,0,0,0,2,3,0,0,0,0,1,0,1,
361,0,0,3,0,0,0,1,3,6,0,0,0,0,0,0,0,0,0,3,0,0,0,0,1,6,0,0,0,0,4,0,0,5,0,0,0,0,5,0,0,0,0,5,0,0,0,0,3,0,0,3,0,0,0,0,2,2,0,0,0,0,6,1,0,
362,0,0,4,0,0,0,1,3,3,0,0,0,0,0,0,0,0,0,4,0,0,0,1,3,5,0,0,0,0,5,0,1,3,0,0,0,0,1,0,0,0,0,1,0,0,0,0,3,0,0,2,0,0,0,0,2,3,0,0,0,0,7,0,0,
363,0,0,2,0,0,0,1,9,8,0,0,0,0,0,0,0,0,0,4,0,0,0,1,4,0,0,0,0,0,1,1,0,5,0,0,0,0,4,1,0,0,0,6,0,0,0,0,6,0,0,5,0,0,0,0,1,5,0,0,0,0,3,1,1,
364,0,0,2,0,0,0,0,4,4,0,0,0,0,0,0,0,0,0,5,0,0,0,0,5,4,0,0,0,0,4,1,0,2,0,0,0,0,4,1,0,0,0,5,0,0,0,0,3,0,0,6,0,0,0,0,2,5,0,0,0,0,1,0,0,
365,0,0,4,0,0,0,0,2,6,0,0,0,0,0,0,0,0,0,3,0,0,0,0,1,3,0,0,0,0,5,0,0,5,0,0,0,0,3,1,1,0,0,3,0,0,0,0,5,0,0,9,0,0,0,0,2,5,0,0,0,0,2,0,0,
366,0,0,4,0,0,0,1,3,2,0,0,0,0,0,0,0,0,0,2,0,0,1,0,2,3,0,0,0,0,4,1,0,0,0,0,0,0,7,0,0,0,0,2,0,0,0,0,7,0,0,4,0,0,0,1,5,8,0,0,0,0,3,0,0,
367,0,0,3,0,0,0,0,3,5,0,0,0,0,0,1,0,0,0,4,0,0,0,0,4,3,0,0,0,0,2,0,0,1,0,0,0,0,2,0,0,0,0,3,0,0,0,0,0,0,0,1,0,0,0,0,3,4,0,0,0,0,3,0,0,
368,0,0,8,0,0,0,1,1,3,0,0,0,0,0,0,0,0,0,4,0,0,0,0,5,4,0,0,0,0,2,1,0,2,0,0,0,0,5,0,0,0,0,4,0,0,0,0,3,0,0,3,0,0,0,0,1,1,0,0,0,0,2,0,0,
369,0,0,5,0,0,0,1,4,5,0,0,0,0,0,0,0,0,0,2,0,0,0,0,3,5,0,0,0,0,7,0,0,2,0,0,0,0,5,0,0,0,0,1,0,0,0,0,1,0,0,4,0,0,0,0,1,4,0,0,0,0,3,0,0,
370,0,0,3,0,0,0,1,3,0,0,0,0,0,0,1,0,0,0,3,0,0,0,0,3,2,0,0,0,0,5,0,0,3,0,0,0,0,3,0,0,0,0,2,0,0,0,0,3,0,0,3,0,0,0,0,1,5,0,0,0,0,2,0,0,
371,0,0,4,0,0,0,0,3,5,0,0,0,0,0,0,0,0,0,3,0,0,0,0,1,2,0,0,0,0,5,1,0,5,0,0,0,0,2,2,0,0,0,3,0,0,0,0,2,0,0,4,0,0,0,0,3,3,0,0,0,0,5,0,0,
372,0,0,2,0,0,0,0,3,3,0,0,0,0,0,0,0,0,0,7,0,0,0,0,1,5,0,0,0,0,5,0,0,2,0,0,0,0,1,0,0,0,0,1,0,0,0,0,5,0,0,3,0,0,0,0,3,2,0,0,0,0,1,0,1,
373,0,0,4,0,1,0,0,1,7,0,0,0,0,0,0,0,0,0,4,0,0,0,0,4,3,0,0,0,0,3,0,0,1,0,0,0,0,4,0,0,0,0,3,0,0,0,0,2,0,0,5,0,0,0,0,6,3,0,0,0,0,5,0,0,
374,0,0,1,0,0,0,1,3,2,0,0,0,0,0,0,0,0,0,3,0,0,0,0,5,2,0,0,0,0,4,0,0,6,0,0,0,0,3,0,0,0,0,4,0,0,0,0,0,0,0,5,0,0,0,0,3,0,0,0,0,0,3,0,0,
375,0,0,1,0,0,0,0,2,1,0,0,0,0,0,0,1,0,0,2,0,0,0,0,1,0,0,0,0,0,1,0,0,3,0,0,0,0,6,1,0,0,0,5,0,0,0,0,6,0,0,2,0,0,0,1,1,4,0,0,0,0,0,0,0,
376,0,0,2,0,0,0,0,1,3,0,0,0,0,0,0,0,0,0,2,0,0,0,0,3,3,0,0,0,0,2,0,0,3,0,0,0,0,3,0,0,0,0,4,0,0,0,0,3,0,0,4,0,0,0,0,1,9,0,0,0,0,1,0,0,
377,0,0,1,0,0,0,0,4,3,0,0,0,0,0,0,0,0,0,1,0,0,0,0,3,0,0,0,0,0,3,0,0,3,0,0,0,0,3,0,0,0,0,1,0,0,0,0,1,0,0,3,0,0,0,0,2,3,0,0,0,0,4,0,0,
378,0,0,2,0,0,0,0,3,4,0,0,0,0,0,0,0,0,0,5,0,0,0,1,2,1,0,0,0,0,4,1,0,3,0,0,0,0,0,0,0,0,0,4,0,0,0,0,4,0,0,3,0,0,0,0,1,0,0,0,0,0,3,0,0,
379,0,0,3,0,0,0,0,0,4,0,0,0,0,0,0,0,0,0,4,0,0,0,0,2,5,0,0,0,0,3,0,0,2,0,0,0,0,0,0,0,0,0,2,0,0,0,0,2,0,0,2,0,0,0,0,2,3,0,0,0,0,5,0,0,
380,0,0,0,0,0,0,0,6,5,0,0,0,0,0,0,0,0,0,3,0,0,0,0,8,0,0,0,0,0,4,0,0,3,0,0,0,0,2,0,0,0,0,5,0,0,0,0,1,0,0,8,0,0,0,0,2,1,0,0,0,0,5,0,0,
381,0,0,3,0,0,0,0,7,1,0,0,0,0,0,0,0,0,0,3,0,0,0,0,4,4,0,0,0,0,4,0,0,2,0,0,0,0,0,0,0,0,0,2,0,0,0,0,3,0,0,5,0,0,0,0,3,0,0,0,0,0,3,0,0,
382,0,0,6,0,0,0,0,3,4,0,0,0,0,0,0,0,0,0,6,0,0,0,0,3,5,0,0,0,0,4,1,0,2,0,0,0,0,2,0,0,0,0,6,0,0,0,0,4,0,0,3,0,0,0,0,1,1,0,0,0,0,1,0,0,
383,0,0,4,0,0,0,0,4,6,0,0,0,0,0,0,0,0,0,3,0,0,0,0,2,2,0,0,0,0,4,0,0,3,0,0,0,0,0,0,0,0,0,2,0,0,0,0,3,0,0,2,0,0,0,0,2,4,0,0,0,0,1,0,0,
384,0,0,3,0,0,0,0,4,5,0,0,0,0,0,0,0,0,0,4,0,0,0,0,2,0,0,0,0,0,4,0,1,3,0,0,0,0,4,0,0,0,0,3,0,0,0,0,3,0,0,5,0,0,0,0,3,3,0,0,0,0,2,0,0,
385,0,0,4,0,0,0,0,2,0,0,0,0,0,0,0,0,0,0,4,0,0,0,0,2,5,0,0,0,0,2,0,0,2,0,0,0,0,6,0,0,0,0,8,0,0,0,0,1,0,0,4,0,0,0,0,3,4,0,0,0,0,3,0,0,
386,0,0,1,0,0,0,0,4,3,0,0,0,0,0,0,0,0,0,5,0,0,0,0,0,3,0,0,0,0,3,0,0,1,0,0,0,0,3,0,0,0,0,1,0,0,0,1,4,0,0,4,0,0,0,0,4,2,0,0,0,0,1,0,1,
387,0,0,4,0,0,0,0,6,4,0,0,0,0,0,0,0,0,0,0,0,0,0,0,3,2,0,0,0,0,4,0,0,1,0,0,0,0,2,0,0,0,0,5,0,0,0,0,0,0,0,5,0,0,0,0,5,2,0,0,0,0,1,0,0,
388,0,0,5,0,0,0,0,6,5,0,0,0,0,0,0,0,0,0,5,0,0,0,0,2,2,0,0,0,0,3,1,0,2,0,0,0,0,5,0,0,0,0,7,0,0,0,0,0,0,0,3,0,0,0,0,1,2,0,0,0,0,1,0,0,
389,0,0,2,0,0,0,0,5,0,0,0,0,0,0,0,0,0,0,2,0,0,0,0,3,1,0,0,0,0,4,0,0,1,0,0,0,0,3,0,0,0,0,4,0,0,0,0,2,0,0,0,0,0,0,0,1,4,0,0,0,0,1,0,0,
390,0,0,2,0,0,0,0,2,4,0,0,0,0,0,0,0,0,0,0,0,0,0,0,3,2,0,0,0,0,4,0,0,4,0,0,0,0,0,0,0,0,0,1,0,0,0,0,4,0,0,1,0,0,0,0,4,6,0,0,0,0,2,0,0,
391,0,0,1,0,0,0,0,2,3,0,0,0,0,0,0,0,0,0,1,0,0,0,0,3,1,0,0,0,0,1,0,0,1,0,0,0,0,2,0,0,0,0,3,0,0,0,0,2,0,0,8,0,0,0,0,0,2,0,0,0,0,1,0,0,
392,0,0,4,0,0,0,0,2,4,0,0,0,0,0,0,0,0,0,3,0,0,0,0,0,3,0,0,0,0,1,0,0,3,0,0,0,0,4,0,0,0,0,4,0,0,0,0,1,0,0,5,0,0,0,0,1,2,0,0,0,0,2,0,0,
393,0,0,2,0,0,0,0,1,5,0,0,0,0,0,0,0,0,0,2,0,0,0,0,1,0,1,0,0,0,1,0,0,3,0,0,0,0,1,0,0,0,0,3,0,0,0,0,1,0,0,3,0,0,0,0,0,4,0,0,0,0,1,0,0,
394,0,0,5,0,0,0,0,2,4,0,0,0,0,0,0,0,0,0,4,0,0,0,0,4,2,0,0,0,0,4,0,0,4,0,0,0,0,2,0,0,0,0,4,0,0,0,0,3,0,0,3,0,0,0,0,2,7,0,0,0,0,0,0,0,
395,0,0,0,0,0,0,0,3,6,0,0,0,0,0,0,0,0,0,2,0,0,0,0,2,1,0,0,0,0,0,0,0,2,0,0,0,0,2,0,0,0,0,6,0,0,0,0,6,0,0,3,0,0,0,0,2,0,0,0,0,0,0,0,0,
396,0,0,4,0,0,0,0,3,5,0,0,0,0,0,0,0,0,0,4,0,0,0,0,2,1,0,0,0,0,2,0,0,2,0,0,0,0,2,0,0,0,0,2,0,0,0,0,3,0,0,3,0,0,0,0,2,1,0,0,0,0,1,0,0,
397,0,0,2,0,0,0,0,4,3,0,0,0,0,0,0,0,0,0,1,0,0,0,0,2,0,0,0,0,0,3,0,0,1,0,0,0,0,1,0,0,0,0,1,0,0,0,0,2,0,0,3,0,0,0,0,0,2,0,0,0,0,4,0,0,
398,0,0,3,0,0,0,0,4,4,0,0,0,0,0,0,0,0,0,1,0,0,0,0,1,3,0,0,0,0,2,0,0,8,0,0,0,0,0,0,0,0,0,5,0,0,0,0,3,0,0,7,0,0,0,0,1,4,0,0,0,0,0,0,0,
399,0,0,0,0,0,0,0,1,1,0,0,0,0,0,0,0,0,0,3,0,0,0,0,0,4,0,0,0,0,3,0,0,1,0,0,0,0,1,0,0,0,0,4,0,0,0,0,2,0,0,1,0,0,0,0,0,1,0,0,0,0,2,0,0,
400,0,0,3,0,0,0,0,2,5,0,0,0,0,0,0,0,0,0,0,0,0,0,0,1,3,0,0,0,0,3,0,0,0,0,0,0,0,1,0,0,0,0,2,0,0,0,0,1,0,0,6,0,0,0,0,1,0,0,0,0,0,3,0,0,
401,0,0,3,0,0,0,0,5,3,0,0,0,0,0,0,0,0,0,2,0,0,0,0,2,0,0,0,0,0,3,0,0,2,0,0,0,0,2,0,0,0,0,6,0,0,0,0,2,0,0,4,0,0,0,0,3,6,0,0,0,0,4,0,0,
402,0,0,2,0,0,0,0,1,0,0,0,0,0,0,0,0,0,0,1,0,0,0,0,0,2,0,0,0,0,4,0,0,3,0,0,0,0,2,0,0,0,0,3,0,0,0,0,4,0,0,1,0,0,0,0,3,0,0,0,0,0,2,0,0,
403,0,0,2,0,0,0,0,3,3,0,0,0,0,0,0,0,0,0,1,0,0,0,0,2,1,0,0,0,0,3,0,0,3,0,0,0,0,2,0,0,0,0,6,0,0,0,0,2,0,0,0,0,0,0,0,3,4,0,0,0,0,4,0,0,
404,0,0,2,0,0,0,0,1,5,0,0,0,0,0,0,0,0,0,1,0,0,0,0,0,2,0,0,0,0,0,0,0,3,0,0,0,0,4,0,0,0,0,3,0,0,0,0,2,0,0,3,0,0,0,0,1,3,0,0,0,0,3,0,0,
405,0,0,7,0,0,0,0,1,3,0,0,0,0,0,0,0,0,0,4,0,0,0,0,1,3,0,0,0,0,3,0,0,1,0,0,0,0,1,0,0,0,0,3,0,0,0,0,2,0,0,0,0,0,0,0,0,3,0,0,0,0,1,0,0,
406,0,0,3,0,0,0,0,1,3,0,0,0,0,0,0,0,0,0,2,0,0,0,0,1,0,0,0,0,0,2,0,0,1,0,0,0,0,1,0,0,0,0,4,0,0,0,0,2,0,0,3,0,0,0,0,1,3,0,0,0,0,3,0,0,
407,0,0,3,0,0,0,0,2,1,0,0,0,0,0,0,0,0,0,2,0,0,0,0,3,1,0,0,0,0,1,0,0,1,0,0,0,0,0,0,0,0,0,1,0,0,0,0,1,0,0,2,0,0,0,0,2,6,0,0,0,0,2,0,0,
408,0,0,3,0,0,0,0,4,5,0,0,0,0,0,0,0,0,0,0,0,0,0,0,2,1,0,0,0,0,1,0,0,2,0,0,0,0,2,0,0,0,0,4,0,0,0,0,2,0,0,1,0,0,0,0,1,1,0,0,0,0,3,0,0,
409,0,0,7,0,0,0,0,1,1,0,0,0,0,0,0,0,0,0,3,0,0,0,0,3,0,0,0,0,0,2,0,0,3,0,0,0,0,5,0,0,0,0,3,0,0,0,0,2,0,0,5,0,0,0,0,0,2,0,0,0,0,3,0,0,
410,0,0,0,0,0,0,0,4,0,0,0,0,0,0,0,0,0,0,3,0,0,0,0,2,0,0,0,0,0,0,0,0,0,0,0,0,0,1,0,0,0,0,6,0,0,0,0,3,0,0,3,0,0,0,0,2,5,0,0,0,0,0,0,0,
411,0,0,2,0,0,0,0,4,2,0,0,0,0,0,0,0,0,0,1,0,0,0,0,1,2,0,0,0,0,2,0,0,2,0,0,0,0,4,0,0,0,0,2,0,0,0,0,0,0,0,6,0,0,0,0,4,2,0,0,0,0,0,0,0,
412,0,0,3,0,0,0,0,5,4,0,0,0,0,0,0,0,0,0,2,0,0,0,0,2,0,0,0,0,0,4,0,0,1,0,0,0,0,2,0,0,0,0,3,0,0,0,0,1,0,0,2,0,0,0,0,1,3,0,0,0,0,5,0,0,
413,0,0,2,0,0,0,0,4,1,0,0,0,0,0,0,0,0,0,2,0,0,0,0,5,1,0,0,0,0,3,0,0,1,0,0,0,0,3,0,0,0,0,2,0,0,0,0,1,0,0,1,0,0,0,0,2,2,0,0,0,0,1,0,0,
414,0,0,1,0,0,0,0,2,4,0,0,0,0,0,0,0,0,0,1,0,0,0,0,4,2,0,0,0,0,0,0,0,1,0,0,0,0,1,0,0,0,0,1,0,0,0,0,5,0,0,4,0,0,0,0,2,0,0,0,0,0,3,0,0,
415,0,0,5,0,0,0,0,0,6,0,0,0,0,0,0,0,0,0,1,0,0,0,0,2,1,0,0,0,0,3,0,0,3,0,0,0,0,3,0,0,0,0,2,0,0,0,0,1,0,0,1,0,0,0,0,1,1,0,0,0,0,3,0,0,
416,0,0,3,0,0,0,0,1,3,0,0,0,0,0,0,0,0,0,2,0,0,0,0,1,2,0,0,0,0,1,0,0,1,0,0,0,0,1,0,0,0,0,2,0,0,0,0,0,0,0,1,0,0,0,0,0,4,0,0,0,0,1,0,0,
417,0,0,4,0,0,0,0,2,0,0,0,0,0,0,0,0,0,0,3,0,0,0,0,1,2,0,0,0,0,2,0,0,1,0,0,0,0,4,0,0,0,0,1,0,0,0,0,1,0,0,3,0,0,0,0,0,4,0,0,0,0,1,0,0,
418,0,0,0,0,0,0,0,3,0,0,0,0,0,0,0,0,0,0,0,0,0,0,0,4,0,0,0,0,0,0,0,0,1,0,0,0,0,0,0,0,0,0,1,0,0,0,0,0,0,0,3,0,0,0,0,3,4,0,0,0,0,2,0,0,
419,0,0,5,0,0,0,0,4,5,0,0,0,0,0,0,0,0,0,0,0,0,0,0,2,0,0,0,0,0,2,0,0,4,0,0,0,0,0,0,0,0,0,1,0,0,0,0,1,0,0,1,0,0,0,0,1,3,0,0,0,0,1,0,0,
420,0,0,0,0,0,0,0,0,4,0,0,0,0,0,0,0,0,0,1,0,0,0,0,0,3,0,0,0,0,2,0,0,2,0,0,0,0,1,0,0,0,0,1,0,0,0,0,2,0,0,1,0,0,0,0,0,1,0,0,0,0,2,0,0,
421,0,0,1,0,0,0,0,2,3,0,0,0,0,0,0,0,0,0,1,0,0,0,0,3,1,0,0,0,0,2,0,0,1,0,0,0,0,2,0,0,0,0,4,0,0,0,0,2,0,0,1,0,0,0,0,0,2,0,0,0,0,2,0,0,
422,0,0,0,0,0,0,0,1,1,0,0,0,0,0,0,0,0,0,1,0,0,0,0,2,2,0,0,0,0,1,0,0,2,0,0,0,0,1,0,0,0,0,1,0,0,0,0,0,0,0,2,0,0,0,0,2,2,0,0,0,0,1,0,0,
423,0,0,1,0,0,0,0,2,3,0,0,0,0,0,0,0,0,0,1,0,0,0,0,4,1,0,0,0,0,0,0,0,3,0,0,0,0,2,0,0,0,0,2,0,0,0,0,1,0,0,2,0,0,0,0,0,1,0,0,0,0,1,0,0,
424,0,0,1,0,0,0,0,1,2,0,0,0,0,0,0,0,0,0,2,0,0,0,0,0,2,0,0,0,0,0,0,0,2,0,0,0,0,2,0,0,0,0,1,0,0,0,0,1,0,0,0,0,0,0,0,0,3,0,0,0,0,3,0,0,
425,0,0,1,0,0,0,0,0,1,0,0,0,0,0,0,0,0,0,2,0,0,0,0,2,2,0,0,0,0,1,0,0,1,0,0,0,0,3,0,0,0,0,4,0,0,0,0,2,0,0,3,0,0,0,0,1,4,0,0,0,0,3,0,0,
426,0,0,0,0,0,0,0,1,2,0,0,0,0,0,0,0,0,0,0,0,0,0,0,2,2,0,0,0,0,4,0,0,6,0,0,0,0,2,0,0,0,0,3,0,0,0,0,2,0,0,1,0,0,0,0,1,3,0,0,0,0,0,0,0,
427,0,0,1,0,0,0,0,0,4,0,0,0,0,0,0,0,0,0,3,0,0,0,0,0,4,0,0,0,0,1,0,0,1,0,0,0,0,1,0,0,0,0,1,0,0,0,0,1,0,0,2,0,0,0,0,2,0,0,0,0,0,2,0,0,
428,0,0,1,0,0,0,0,1,3,0,0,0,0,0,0,0,0,0,0,0,0,0,0,2,1,0,0,0,0,0,0,0,1,0,0,0,0,6,0,0,0,0,3,0,0,0,0,2,0,0,2,0,0,0,0,2,1,0,0,0,0,3,0,0,
429,0,0,1,0,0,0,0,0,6,0,0,0,0,0,0,0,0,0,2,0,0,0,0,4,2,0,0,0,0,2,0,0,2,0,0,0,0,1,0,0,0,0,2,0,0,0,0,1,0,0,2,0,0,0,0,1,4,0,0,0,0,1,0,0,
430,0,0,5,0,0,0,0,1,2,0,0,0,0,0,0,0,0,0,0,0,0,0,0,2,3,0,0,0,0,3,0,0,1,0,0,0,0,1,0,0,0,0,1,0,0,0,0,0,0,0,0,0,0,0,0,0,2,0,0,0,0,1,0,0,
431,0,0,2,0,0,0,0,3,1,0,0,0,0,0,0,0,0,0,1,0,0,0,0,2,0,0,0,0,0,2,0,0,0,0,0,0,0,1,0,0,0,0,1,0,0,0,0,3,0,0,0,0,0,0,0,1,1,0,0,0,0,1,0,0,
432,0,0,0,0,0,0,0,1,2,0,0,0,0,0,0,0,0,0,2,0,0,0,0,2,2,0,0,0,0,4,0,0,0,0,0,0,0,1,0,0,0,0,4,0,0,0,0,2,0,0,6,0,0,0,0,3,1,0,0,0,0,2,0,0,
433,0,0,1,0,0,0,0,0,2,0,0,0,0,0,0,0,0,0,3,0,0,0,0,2,0,0,0,0,0,3,0,0,0,0,0,0,0,1,0,0,0,0,3,0,0,0,0,1,0,0,3,0,0,0,0,2,3,0,0,0,0,0,0,0,
434,0,0,3,0,0,0,0,3,1,0,0,0,0,0,0,0,0,0,5,0,0,0,0,1,0,0,0,0,0,3,0,0,0,0,0,0,0,2,0,0,0,0,1,0,0,0,0,0,0,0,3,0,0,0,0,1,4,0,0,0,0,0,0,0,
435,0,0,2,0,0,0,0,2,3,0,0,0,0,0,0,0,0,0,3,0,0,0,0,0,1,0,0,0,0,1,0,0,0,0,0,0,0,0,0,0,0,0,2,0,0,0,0,1,0,0,0,0,0,0,0,2,2,0,0,0,0,2,0,0,
436,0,0,3,0,0,0,0,2,3,0,0,0,0,0,0,0,0,0,2,0,0,0,0,1,1,0,0,0,0,1,0,0,0,0,0,0,0,2,0,0,0,0,1,0,0,0,0,4,0,0,0,0,0,0,0,0,2,0,0,0,0,1,0,0,
437,0,0,3,0,0,0,0,1,1,0,0,0,0,0,0,0,0,0,1,0,0,0,0,0,3,0,0,0,0,1,0,0,0,0,0,0,0,1,0,0,0,0,3,0,0,0,0,0,0,0,1,0,0,0,0,0,0,0,0,0,0,3,0,0,
438,0,0,0,0,0,0,0,0,2,0,0,0,0,0,0,0,0,0,1,0,0,0,0,0,1,0,0,0,0,2,0,0,0,0,0,0,0,0,0,0,0,0,0,0,0,0,0,0,0,0,3,0,0,0,0,0,1,0,0,0,0,4,0,0,
439,0,0,2,0,0,0,0,0,1,0,0,0,0,0,0,0,0,0,1,0,0,0,0,1,1,0,0,0,0,1,0,0,1,0,0,0,0,2,0,0,0,0,0,0,0,0,0,0,0,0,1,0,0,0,0,0,1,0,0,0,0,1,0,0,
440,0,0,2,0,0,0,0,0,2,0,0,0,0,0,0,0,0,0,2,0,0,0,0,2,5,0,0,0,0,1,0,0,1,0,0,0,0,2,0,0,0,0,0,0,0,0,0,1,0,0,3,0,0,0,0,1,0,0,0,0,0,2,0,0,
441,0,0,0,0,0,0,0,0,1,0,0,0,0,0,0,0,0,0,1,0,0,0,0,0,2,0,0,0,0,1,0,0,3,0,0,0,0,1,0,0,0,0,2,0,0,0,0,2,0,0,2,0,0,0,0,1,3,0,0,0,0,1,0,0,
442,0,0,3,0,0,0,0,1,0,0,0,0,0,0,0,0,0,0,3,0,0,0,0,2,1,0,0,0,0,2,0,0,1,0,0,0,0,2,0,0,0,0,3,0,0,0,0,0,0,0,0,0,0,0,0,2,8,0,0,0,0,1,0,0,
443,0,0,0,0,0,0,0,0,0,0,0,0,0,0,0,0,0,0,0,0,0,0,0,1,2,0,0,0,0,0,0,0,0,0,0,0,0,1,0,0,0,0,3,0,0,0,0,0,0,0,3,0,0,0,0,3,2,0,0,0,0,0,0,0,
444,0,0,1,0,0,0,0,1,4,0,0,0,0,0,0,0,0,0,2,0,0,0,0,2,2,0,0,0,0,2,0,0,1,0,0,0,0,0,0,0,0,0,1,0,0,0,0,0,0,0,1,0,0,0,0,3,2,0,0,0,0,2,0,0,
445,0,0,1,0,0,0,0,0,0,0,0,0,0,0,0,0,0,0,0,0,0,0,0,2,2,0,0,0,0,1,0,0,3,0,0,0,0,0,0,0,0,0,2,0,0,0,0,1,0,0,3,0,0,0,0,2,1,0,0,0,0,1,0,0,
446,0,0,1,0,0,0,0,1,1,0,0,0,0,0,0,0,0,0,3,0,0,0,0,1,1,0,0,0,0,3,0,0,0,0,0,0,0,0,0,0,0,0,2,0,0,0,0,2,0,0,2,0,0,0,0,2,1,0,0,0,0,3,0,0,
447,0,0,1,0,0,0,0,1,2,0,0,0,0,0,0,0,0,0,1,0,0,0,0,0,2,0,0,0,0,2,0,0,1,0,0,0,0,0,0,0,0,0,1,0,0,0,0,1,0,0,2,0,0,0,0,2,1,0,0,0,0,0,0,0,
448,0,0,2,0,0,0,0,0,0,0,0,0,0,0,0,0,0,0,2,0,0,0,0,0,1,0,0,0,0,1,0,0,0,0,0,0,0,1,0,0,0,0,0,0,0,0,0,0,0,0,0,0,0,0,0,0,1,0,0,0,0,3,0,0,
449,0,0,0,0,0,0,0,1,2,0,0,0,0,0,0,0,0,0,1,0,0,0,0,1,1,0,0,0,0,1,0,0,0,0,0,0,0,1,0,0,0,0,2,0,0,0,0,0,0,0,1,0,0,0,0,0,2,0,0,0,0,0,0,0,
450,0,0,1,0,0,0,0,1,4,0,0,0,0,0,0,0,0,0,1,0,0,0,0,2,2,0,0,0,0,0,0,0,0,0,0,0,0,0,0,0,0,0,1,0,0,0,0,1,0,0,1,0,0,0,0,0,0,0,0,0,0,1,0,0,
451,0,0,0,0,0,0,0,1,1,0,0,0,0,0,0,0,0,0,2,0,0,0,0,1,1,0,0,0,0,1,0,0,0,0,0,0,0,1,0,0,0,0,1,0,0,0,0,2,0,0,3,0,0,0,0,1,0,0,0,0,0,0,0,0,
452,0,0,0,0,0,0,0,1,5,0,0,0,0,0,0,0,0,0,3,0,0,0,0,2,1,0,0,0,0,1,0,0,3,0,0,0,0,2,0,0,0,0,4,0,0,0,0,3,0,0,0,0,0,0,0,0,0,0,0,0,0,2,0,0,
453,0,0,0,0,0,0,0,2,3,0,0,0,0,0,0,0,0,0,2,0,0,0,0,0,1,0,0,0,0,2,0,0,1,0,0,0,0,2,0,0,0,0,2,0,0,0,0,0,0,0,3,0,0,0,0,2,0,0,0,0,0,1,0,0,
454,0,0,0,0,0,0,0,0,1,0,0,0,0,0,0,0,0,0,2,0,0,0,0,1,1,0,0,0,0,1,0,0,1,0,0,0,0,0,0,0,0,0,0,0,0,0,0,1,0,0,1,0,0,0,0,1,1,0,0,0,0,0,0,0,
455,0,0,0,0,0,0,0,1,2,0,0,0,0,0,0,0,0,0,1,0,0,0,0,1,1,0,0,0,0,2,0,0,0,0,0,0,0,1,0,0,0,0,3,0,0,0,0,1,0,0,0,0,0,0,0,0,3,0,0,0,0,2,0,0,
456,0,0,0,0,0,0,0,2,1,0,0,0,0,0,0,0,0,0,1,0,0,0,0,2,0,0,0,0,0,3,0,0,0,0,0,0,0,1,0,0,0,0,2,0,0,0,0,1,0,0,1,0,0,0,0,0,3,0,0,0,0,0,0,0,
457,0,0,1,0,0,0,0,1,3,0,0,0,0,0,0,0,0,0,2,0,0,0,0,1,2,0,0,0,0,0,0,0,2,0,0,0,0,0,0,0,0,0,0,0,0,0,0,3,0,0,1,0,0,0,0,1,0,0,0,0,0,1,0,0,
458,0,0,0,0,0,0,0,1,3,0,0,0,0,0,0,0,0,0,2,0,0,0,0,0,0,0,0,0,0,1,0,0,3,0,0,0,0,0,0,0,0,0,1,0,0,0,0,0,0,0,0,0,0,0,0,0,0,0,0,0,0,0,0,0,
459,0,0,1,0,0,0,0,2,1,0,0,0,0,0,0,0,0,0,2,0,0,0,0,1,2,0,0,0,0,2,0,0,1,0,0,0,0,1,0,0,0,0,3,0,0,0,0,0,0,0,0,0,0,0,0,3,1,0,0,0,0,0,0,0,
460,0,0,0,0,0,0,0,3,1,0,0,0,0,0,0,0,0,0,2,0,0,0,0,1,1,0,0,0,0,1,0,0,0,0,0,0,0,2,0,0,0,0,3,0,0,0,0,1,0,0,1,0,0,0,0,0,2,0,0,0,0,1,0,0,
461,0,0,2,0,0,0,0,2,2,0,0,0,0,0,0,0,0,0,0,0,0,0,0,1,0,0,0,0,0,0,0,0,1,0,0,0,0,0,0,0,0,0,2,0,0,0,0,3,0,0,4,0,0,0,0,0,1,0,0,0,0,2,0,0,
462,0,0,1,0,0,0,0,0,1,0,0,0,0,0,0,0,0,0,2,0,0,0,0,1,0,0,0,0,0,2,0,0,0,0,0,0,0,0,0,0,0,0,1,0,0,0,0,0,0,0,2,0,0,0,0,0,1,0,0,0,0,0,0,0,
463,0,0,3,0,0,0,0,1,4,0,0,0,0,0,0,0,0,0,1,0,0,0,0,0,1,0,0,0,0,3,0,0,2,0,0,0,0,1,0,0,0,0,0,0,0,0,0,2,0,0,0,0,0,0,0,1,1,0,0,0,0,1,0,0,
464,0,0,0,0,0,0,0,0,1,0,0,0,0,0,0,0,0,0,0,0,0,0,0,1,1,0,0,0,0,2,0,0,4,0,0,0,0,2,0,0,0,0,1,0,0,0,0,0,0,0,2,0,0,0,0,0,4,0,0,0,0,1,0,0,
465,0,0,1,0,0,0,0,1,5,0,0,0,0,0,0,0,0,0,0,0,0,0,0,1,1,0,0,0,0,1,0,0,0,0,0,0,0,1,0,0,0,0,1,0,0,0,0,1,0,0,0,0,0,0,0,3,2,0,0,0,0,0,0,0,
466,0,0,0,0,0,0,0,4,1,0,0,0,0,0,0,0,0,0,0,0,0,0,0,2,1,0,0,0,0,2,0,0,2,0,0,0,0,1,0,0,0,0,0,0,0,0,0,1,0,0,2,0,0,0,0,0,1,0,0,0,0,0,0,0,
467,0,0,0,0,0,0,0,0,1,0,0,0,0,0,0,0,0,0,1,0,0,0,0,0,0,0,0,0,0,3,0,0,1,0,0,0,0,0,0,0,0,0,0,0,0,0,0,0,0,0,0,0,0,0,0,1,1,0,0,0,0,0,0,0,
468,0,0,0,0,0,0,0,0,1,0,0,0,0,0,0,0,0,0,0,0,0,0,0,1,2,0,0,0,0,0,0,0,1,0,0,0,0,1,0,0,0,0,0,0,0,0,0,0,0,0,1,0,0,0,0,1,0,0,0,0,0,0,0,0,
469,0,0,0,0,0,0,0,2,1,0,0,0,0,0,0,0,0,0,1,0,0,0,0,1,0,0,0,0,0,0,0,0,1,0,0,0,0,1,0,0,0,0,0,0,0,0,0,3,0,0,1,0,0,0,0,0,2,0,0,0,0,0,0,0,
470,0,0,1,0,0,0,0,3,1,0,0,0,0,0,0,0,0,0,2,0,0,0,0,0,1,0,0,0,0,5,0,0,4,0,0,0,0,1,0,0,0,0,1,0,0,0,0,0,0,0,0,0,0,0,0,1,3,0,0,0,0,0,0,0,
471,0,0,0,0,0,0,0,1,0,0,0,0,0,0,0,0,0,0,1,0,0,0,0,0,0,0,0,0,0,0,0,0,0,0,0,0,0,1,0,0,0,0,0,0,0,0,0,1,0,0,1,0,0,0,0,0,0,0,0,0,0,2,0,0,
472,0,0,0,0,0,0,0,2,1,0,0,0,0,0,0,0,0,0,0,0,0,0,0,0,0,0,0,0,0,0,0,0,4,0,0,0,0,1,0,0,0,0,1,0,0,0,0,1,0,0,0,0,0,0,0,0,0,0,0,0,0,0,0,0,
473,0,0,0,0,0,0,0,0,0,0,0,0,0,0,0,0,0,0,2,0,0,0,0,2,2,0,0,0,0,2,0,0,1,0,0,0,0,0,0,0,0,0,0,0,0,0,0,1,0,0,5,0,0,0,0,1,0,0,0,0,0,1,0,0,
474,0,0,0,0,0,0,0,1,0,0,0,0,0,0,0,0,0,0,1,0,0,0,0,1,0,0,0,0,0,3,0,0,1,0,0,0,0,2,0,0,0,0,2,0,0,0,0,1,0,0,1,0,0,0,0,0,3,0,0,0,0,1,0,0,
475,0,0,2,0,0,0,0,1,2,0,0,0,0,0,0,0,0,0,0,0,0,0,0,1,0,0,0,0,0,2,0,0,3,0,0,0,0,0,0,0,0,0,1,0,0,0,0,2,0,0,1,0,0,0,0,0,1,0,0,0,0,1,0,0,
476,0,0,0,0,0,0,0,1,0,0,0,0,0,0,0,0,0,0,0,0,0,0,0,1,0,0,0,0,0,0,0,0,1,0,0,0,0,0,0,0,0,0,0,0,0,0,0,0,0,0,0,0,0,0,0,0,1,0,0,0,0,2,0,0,
477,0,0,0,0,0,0,0,2,1,0,0,0,0,0,0,0,0,0,2,0,0,0,0,0,1,0,0,0,0,1,0,0,1,0,0,0,0,1,0,0,0,0,0,0,0,0,0,1,0,0,0,0,0,0,0,1,1,0,0,0,0,0,0,0,
478,0,0,0,0,0,0,0,1,1,0,0,0,0,0,0,0,0,0,0,0,0,0,0,0,0,0,0,0,0,0,0,0,0,0,0,0,0,0,0,0,0,0,0,0,0,0,0,1,0,0,0,0,0,0,0,1,1,0,0,0,0,1,0,0,
479,0,0,1,0,0,0,0,1,2,0,0,0,0,0,0,0,0,0,1,0,0,0,0,2,0,0,0,0,0,1,0,0,2,0,0,0,0,1,0,0,0,0,1,0,0,0,0,1,0,0,1,0,0,0,0,0,0,0,0,0,0,1,0,0,
480,0,0,1,0,0,0,0,1,1,0,0,0,0,0,0,0,0,0,1,0,0,0,0,1,1,0,0,0,0,1,0,0,0,0,0,0,0,2,0,0,0,0,2,0,0,0,0,3,0,0,4,0,0,0,0,2,0,0,0,0,0,0,0,0,
481,0,0,1,0,0,0,0,0,1,0,0,0,0,0,0,0,0,0,1,0,0,0,0,1,0,0,0,0,0,0,0,0,0,0,0,0,0,0,0,0,0,0,1,0,0,0,0,0,0,0,0,0,0,0,0,1,0,0,0,0,0,1,0,0,
482,0,0,0,0,0,0,0,1,0,0,0,0,0,0,0,0,0,0,0,0,0,0,0,0,0,0,0,0,0,3,0,0,0,0,0,0,0,0,0,0,0,0,2,0,0,0,0,0,0,0,1,0,0,0,0,0,1,0,0,0,0,2,0,0,
483,0,0,0,0,0,0,0,0,1,0,0,0,0,0,0,0,0,0,3,0,0,0,0,0,1,0,0,0,0,0,0,0,0,0,0,0,0,1,0,0,0,0,0,0,0,0,0,0,0,0,1,0,0,0,0,0,1,0,0,0,0,2,0,0,
484,0,0,1,0,0,0,0,1,1,0,0,0,0,0,0,0,0,0,0,0,0,0,0,0,0,0,0,0,0,1,0,0,0,0,0,0,0,0,0,0,0,0,1,0,0,0,0,0,0,0,3,0,0,0,0,0,3,0,0,0,0,1,0,0,
485,0,0,1,0,0,0,0,1,0,0,0,0,0,0,0,0,0,0,1,0,0,0,0,2,2,0,0,0,0,2,0,0,0,0,0,0,0,0,0,0,0,0,0,0,0,0,0,1,0,0,1,0,0,0,0,1,1,0,0,0,0,0,0,0,
486,0,0,0,0,0,0,0,1,1,0,0,0,0,0,0,0,0,0,0,0,0,0,0,0,0,0,0,0,0,2,0,0,2,0,0,0,0,0,0,0,0,0,0,0,0,0,0,0,0,0,0,0,0,0,0,0,0,0,0,0,0,0,0,0,
487,0,0,1,0,0,0,0,0,0,0,0,0,0,0,0,0,0,0,0,0,0,0,0,0,0,0,0,0,0,3,0,0,0,0,0,0,0,1,0,0,0,0,0,0,0,0,0,0,0,0,0,0,0,0,0,0,0,0,0,0,0,1,0,0,
488,0,0,0,0,0,0,0,1,2,0,0,0,0,0,0,0,0,0,0,0,0,0,0,0,0,0,0,0,0,1,0,0,0,0,0,0,0,1,0,0,0,0,1,0,0,0,0,1,0,0,0,0,0,0,0,0,1,0,0,0,0,2,0,0,
489,0,0,0,0,0,0,0,1,0,0,0,0,0,0,0,0,0,0,1,0,0,0,0,1,0,0,0,0,0,0,0,0,0,0,0,0,0,2,0,0,0,0,1,0,0,0,0,0,0,0,1,0,0,0,0,2,2,0,0,0,0,0,0,0,
490,0,0,2,0,0,0,0,0,2,0,0,0,0,0,0,0,0,0,1,0,0,0,0,0,1,0,0,0,0,0,0,0,1,0,0,0,0,0,0,0,0,0,1,0,0,0,0,2,0,0,2,0,0,0,0,1,1,0,0,0,0,1,0,0,
491,0,0,0,0,0,0,0,1,2,0,0,0,0,0,0,0,0,0,3,0,0,0,0,0,1,0,0,0,0,0,0,0,0,0,0,0,0,0,0,0,0,0,1,0,0,0,0,0,0,0,0,0,0,0,0,0,0,0,0,0,0,1,0,0,
492,0,0,1,0,0,0,0,0,1,0,0,0,0,0,0,0,0,0,0,0,0,0,0,0,1,0,0,0,0,1,0,0,0,0,0,0,0,0,0,0,0,0,1,0,0,0,0,0,0,0,0,0,0,0,0,0,0,0,0,0,0,1,0,0,
493,0,0,0,0,0,0,0,0,1,0,0,0,0,0,0,0,0,0,1,0,0,0,0,0,0,0,0,0,0,0,0,0,1,0,0,0,0,0,0,0,0,0,0,0,0,0,0,0,0,0,1,0,0,0,0,0,0,0,0,0,0,0,0,0,
494,0,0,0,0,0,0,0,1,0,0,0,0,0,0,0,0,0,0,0,0,0,0,0,0,0,0,0,0,0,0,0,0,0,0,0,0,0,0,0,0,0,0,0,0,0,0,0,0,0,0,0,0,0,0,0,2,0,0,0,0,0,2,0,0,
495,0,0,0,0,0,0,0,1,0,0,0,0,0,0,0,0,0,0,1,0,0,0,0,1,0,0,0,0,0,0,0,0,0,0,0,0,0,1,0,0,0,0,0,0,0,0,0,0,0,0,1,0,0,0,0,0,0,0,0,0,0,0,0,0,
496,0,0,1,0,0,0,0,1,2,0,0,0,0,0,0,0,0,0,1,0,0,0,0,1,0,0,0,0,0,2,0,0,0,0,0,0,0,1,0,0,0,0,2,0,0,0,0,1,0,0,0,0,0,0,0,2,1,0,0,0,0,1,0,0,
497,0,0,0,0,0,0,0,0,0,0,0,0,0,0,0,0,0,0,0,0,0,0,0,0,2,0,0,0,0,0,0,0,0,0,0,0,0,1,0,0,0,0,0,0,0,0,0,1,0,0,2,0,0,0,0,0,0,0,0,0,0,0,0,0,
498,0,0,1,0,0,0,0,0,1,0,0,0,0,0,0,0,0,0,1,0,0,0,0,0,1,0,0,0,0,1,0,0,0,0,0,0,0,0,0,0,0,0,0,0,0,0,0,0,0,0,0,0,0,0,0,0,0,0,0,0,0,0,0,0,
499,0,0,0,0,0,0,0,0,0,0,0,0,0,0,0,0,0,0,2,0,0,0,0,0,0,0,0,0,0,1,0,0,0,0,0,0,0,0,0,0,0,0,0,0,0,0,0,1,0,0,1,0,0,0,0,0,1,0,0,0,0,2,0,0,
