t,V1
0.00191,-0.0002
0.00191004,0.0022
0.00191008,0.002
0.00191012,0.0004
0.00191016,-0.0016
0.0019102,-0.0022
0.0019102400000000001,0.0
0.00191028,0.0004
0.00191032,0.0006000000000000001
0.00191036,-0.0006000000000000001
0.0019104,-0.0012000000000000001
0.00191044,-0.0006000000000000001
0.00191048,0.0004
0.00191052,0.0004
0.00191056,0.0016
0.0019106,0.0006000000000000001
0.0019106400000000001,0.0022
0.00191068,0.001
0.00191072,0.001
0.00191076,0.002
0.0019108,0.002
0.00191084,0.0022
0.00191088,0.0008
0.00191092,-0.0012000000000000001
0.00191096,-0.0006000000000000001
0.001911,-0.0004
0.00191104,0.0022
0.0019110800000000001,0.002
0.00191112,0.0002
0.00191116,-0.0008
0.0019112,-0.001
0.00191124,0.0002
0.00191128,0.002
0.00191132,-0.0002
0.00191136,-0.0004
0.0019114,-0.0012000000000000001
0.00191144,-0.0014
0.0019114800000000001,0.0004
0.00191152,0.0004
0.00191156,0.0002
0.0019116,0.0
0.00191164,-0.0008
0.00191168,-0.0004
0.00191172,0.0002
0.00191176,0.0006000000000000001
0.0019118,0.0018000000000000002
0.00191184,0.001
0.00191188,0.0012000000000000001
0.0019119200000000001,0.0002
0.00191196,0.0004
0.001912,0.002
0.00191204,0.0028
0.00191208,0.0026000000000000003
0.00191212,0.0008
0.00191216,-0.0016
0.0019122,-0.001
0.00191224,0.0002
0.00191228,0.0024000000000000002
0.0019123200000000001,0.0012000000000000001
0.00191236,-0.0006000000000000001
0.0019124,-0.0014
0.00191244,-0.0004
0.00191248,0.0012000000000000001
0.00191252,0.0014
0.00191256,0.0
0.0019126,-0.0008
0.00191264,-0.0014
0.00191268,0.0002
0.00191272,0.0006000000000000001
0.0019127600000000001,0.0008
0.0019128,-0.0002
0.00191284,-0.0008
0.00191288,-0.001
0.00191292,-0.0012000000000000001
0.00191296,-0.0004
0.001913,0.0018000000000000002
0.00191304,0.0028
0.00191308,0.0012000000000000001
0.00191312,0.0014
0.0019131600000000001,0.0006000000000000001
0.0019132,0.0016
0.00191324,0.0032
0.00191328,0.0024000000000000002
0.00191332,0.0016
0.00191336,0.001
0.0019134,-0.0004
0.00191344,0.0012000000000000001
0.00191348,0.0016
0.00191352,0.0018000000000000002
0.0019135600000000001,0.0
0.0019136000000000001,-0.0016
0.00191364,-0.0012000000000000001
0.00191368,0.0
0.00191372,0.0014
0.00191376,0.0014
0.0019138,-0.0006000000000000001
0.00191384,-0.0004
0.00191388,-0.0008
0.00191392,0.0002
0.00191396,0.0006000000000000001
0.0019140000000000001,0.0012000000000000001
0.00191404,0.0002
0.00191408,-0.0002
0.00191412,-0.0008
0.00191416,0.0002
0.0019142,0.0006000000000000001
0.00191424,0.0018000000000000002
0.00191428,0.0018000000000000002
0.00191432,0.0014
0.00191436,0.0012000000000000001
0.0019144000000000001,0.0008
0.0019144400000000001,0.0002
0.00191448,0.0026000000000000003
0.00191452,0.0024000000000000002
0.00191456,0.0026000000000000003
0.0019146,0.001
0.00191464,0.0008
0.00191468,0.0016
0.00191472,0.0026000000000000003
0.00191476,0.0032
0.0019148,0.0014
0.0019148400000000001,-0.0014
0.00191488,-0.0002
0.00191492,0.0014
0.00191496,0.0018000000000000002
0.001915,0.0012000000000000001
0.00191504,-0.001
0.00191508,-0.0004
0.00191512,-0.0002
0.00191516,0.0016
0.0019152,0.0016
0.0019152400000000001,0.0014
0.00191528,0.0006000000000000001
0.00191532,0.0004
0.00191536,-0.0004
0.0019154,0.001
0.00191544,0.001
0.00191548,0.0006000000000000001
0.00191552,0.0014
0.00191556,0.0008
0.0019156,0.0008
0.00191564,0.0008
0.0019156800000000001,0.0014
0.00191572,0.0028
0.00191576,0.002
0.0019158,0.0014
0.00191584,0.0
0.00191588,0.0002
0.00191592,0.0026000000000000003
0.00191596,0.003
0.001916,0.0012000000000000001
0.00191604,-0.0006000000000000001
0.0019160800000000001,-0.0016
0.00191612,0.0002
0.00191616,0.0022
0.0019162,0.0012000000000000001
0.00191624,0.002
0.00191628,0.0004
0.00191632,0.0008
0.00191636,0.0008
0.0019164,0.0016
0.00191644,0.0014
0.00191648,0.001
0.0019165200000000001,0.0006000000000000001
0.00191656,0.0024000000000000002
0.0019166,0.0006000000000000001
0.00191664,0.0026000000000000003
0.00191668,0.0016
0.00191672,0.0032
0.00191676,0.003
0.0019168,0.0008
0.00191684,0.0
0.00191688,0.0002
0.0019169200000000001,0.0008
0.00191696,0.0028
0.001917,0.0014
0.00191704,0.0002
0.00191708,-0.0004
0.00191712,0.0016
0.00191716,0.0032
0.0019172,0.004
0.00191724,0.001
0.00191728,0.0006000000000000001
0.00191732,-0.0008
0.0019173600000000001,0.0014
0.0019174,0.0018000000000000002
0.00191744,0.0008
0.00191748,0.0006000000000000001
0.00191752,-0.0008
0.00191756,-0.0004
0.0019176,0.0012000000000000001
0.00191764,0.0012000000000000001
0.00191768,0.0016
0.00191772,0.0012000000000000001
0.0019177600000000001,0.0012000000000000001
0.0019178,0.0016
0.00191784,0.001
0.00191788,0.0032
0.00191792,0.0028
0.00191796,0.0024000000000000002
0.001918,0.0012000000000000001
0.00191804,0.0
0.00191808,0.0014
0.00191812,0.0016
0.00191816,0.0016
0.0019182000000000001,0.0024000000000000002
0.00191824,0.0
0.00191828,-0.0004
0.00191832,-0.0002
0.00191836,-0.0004
0.0019184,0.0018000000000000002
0.00191844,0.0012000000000000001
0.00191848,0.0002
0.00191852,0.0
0.00191856,0.0
0.0019186000000000001,0.0028
0.00191864,0.0028
0.00191868,0.0018000000000000002
0.00191872,0.0002
0.00191876,-0.0002
0.0019188,0.001
0.00191884,0.0014
0.00191888,0.0022
0.00191892,0.0018000000000000002
0.00191896,0.0008
0.001919,0.0014
0.0019190400000000001,0.002
0.00191908,0.0022
0.00191912,0.002
0.00191916,0.0018000000000000002
0.0019192,0.0016
0.00191924,0.0012000000000000001
0.00191928,-0.0006000000000000001
0.00191932,-0.0014
0.00191936,0.0004
0.0019194,0.0022
0.0019194400000000001,0.0026000000000000003
0.00191948,-0.0002
0.00191952,-0.0008
0.00191956,-0.001
0.0019196,0.0008
0.00191964,0.002
0.00191968,0.0018000000000000002
0.00191972,-0.0012000000000000001
0.00191976,-0.0016
0.0019198,-0.0002
0.00191984,0.0032
0.0019198800000000001,0.002
0.00191992,-0.0006000000000000001
0.00191996,-0.0008
0.00192,0.0
0.00192004,0.0008
0.00192008,0.002
0.00192012,0.0016
0.00192016,0.0018000000000000002
0.0019202,0.002
0.00192024,0.0014
0.0019202800000000001,0.0018000000000000002
0.00192032,0.0006000000000000001
0.00192036,0.0026000000000000003
0.0019204,0.0026000000000000003
0.00192044,0.0024000000000000002
0.00192048,0.002
0.00192052,-0.001
0.00192056,0.0006000000000000001
0.0019206,0.0024000000000000002
0.00192064,0.002
0.0019206800000000001,0.0018000000000000002
0.0019207200000000001,-0.0022
0.00192076,-0.0022
0.0019208,-0.001
0.00192084,0.0002
0.00192088,0.0014
0.00192092,-0.0002
0.00192096,-0.002
0.001921,-0.0006000000000000001
0.00192104,0.001
0.00192108,0.0024000000000000002
0.0019211200000000001,0.001
0.00192116,-0.0008
0.0019212,-0.0016
0.00192124,0.0
0.00192128,0.0
0.00192132,0.0018000000000000002
0.00192136,0.001
0.0019214,0.0022
0.00192144,0.0016
0.00192148,0.0004
0.0019215200000000001,0.0008
0.00192156,0.0012000000000000001
0.0019216,0.0028
0.00192164,0.0026000000000000003
0.00192168,0.0014
0.00192172,0.0002
0.00192176,-0.0002
0.0019218,0.001
0.00192184,0.002
0.00192188,0.0012000000000000001
0.00192192,-0.001
0.0019219600000000001,-0.0024000000000000002
0.001922,-0.0014
0.00192204,-0.0004
0.00192208,0.0002
0.00192212,0.0
0.00192216,-0.0014
0.0019222,-0.003
0.00192224,-0.001
0.00192228,0.0002
0.00192232,0.001
0.0019223600000000001,-0.0002
0.0019224,-0.0014
0.00192244,0.0002
0.00192248,0.0006000000000000001
0.00192252,0.0008
0.00192256,0.003
0.0019226,0.0006000000000000001
0.00192264,0.0002
0.00192268,-0.0006000000000000001
0.00192272,-0.0004
0.00192276,0.0004
0.0019228000000000001,0.0002
0.00192284,0.001
0.00192288,0.0012000000000000001
0.00192292,-0.0002
0.00192296,-0.0002
0.001923,-0.0004
0.00192304,0.0012000000000000001
0.00192308,0.002
0.00192312,0.0
0.00192316,-0.0008
0.0019232000000000001,-0.0028
0.00192324,-0.0018000000000000002
0.00192328,0.0012000000000000001
0.00192332,0.001
0.00192336,0.0016
0.0019234,-0.0016
0.00192344,-0.0022
0.00192348,-0.0012000000000000001
0.00192352,0.0002
0.00192356,0.0002
0.0019236,-0.0008
0.0019236400000000001,-0.0026000000000000003
0.00192368,-0.0018000000000000002
0.00192372,0.0006000000000000001
0.00192376,0.002
0.0019238,0.0026000000000000003
0.00192384,-0.0004
0.00192388,0.0002
0.00192392,0.0006000000000000001
0.00192396,0.0004
0.001924,-0.0008
0.0019240400000000001,-0.0004
0.00192408,0.0004
0.00192412,0.0002
0.00192416,-0.0004
0.0019242,-0.0008
0.00192424,-0.0014
0.00192428,0.0004
0.00192432,0.0018000000000000002
0.00192436,0.0012000000000000001
0.0019244,-0.001
0.00192444,-0.0014
0.0019244800000000001,-0.0006000000000000001
0.00192452,0.0014
0.00192456,0.001
0.0019246,-0.0004
0.00192464,-0.0018000000000000002
0.00192468,-0.0018000000000000002
0.00192472,0.0006000000000000001
0.00192476,0.0014
0.0019248,0.0012000000000000001
0.00192484,-0.0004
0.0019248800000000001,-0.0018000000000000002
0.00192492,0.0014
0.00192496,0.0018000000000000002
0.001925,0.0006000000000000001
0.00192504,-0.0002
0.00192508,-0.0012000000000000001
0.00192512,0.0
0.00192516,-0.0012000000000000001
0.0019252,-0.0006000000000000001
0.00192524,-0.0016
0.00192528,0.0
0.0019253200000000001,0.0006000000000000001
0.00192536,0.0002
0.0019254,-0.0026000000000000003
0.00192544,-0.0018000000000000002
0.00192548,-0.0012000000000000001
0.00192552,0.0006000000000000001
0.00192556,0.0006000000000000001
0.0019256,-0.0012000000000000001
0.00192564,-0.0018000000000000002
0.00192568,-0.001
0.0019257200000000001,0.001
0.00192576,0.0024000000000000002
0.0019258,0.001
0.00192584,0.0002
0.00192588,-0.0032
0.00192592,-0.0014
0.00192596,0.0014
0.001926,0.001
0.00192604,0.0002
0.00192608,-0.0004
0.00192612,-0.0008
0.0019261600000000001,0.0012000000000000001
0.0019262,0.0012000000000000001
0.00192624,0.001
0.00192628,0.0006000000000000001
0.00192632,0.0002
0.00192636,0.0
0.0019264,-0.0008
0.00192644,0.0
0.00192648,0.0
0.00192652,0.0004
0.0019265600000000001,-0.0004
0.0019266,-0.0022
0.00192664,-0.0026000000000000003
0.00192668,-0.0016
0.00192672,-0.0008
0.00192676,0.0008
0.0019268,0.0
0.00192684,-0.0008
0.00192688,-0.001
0.00192692,0.0004
0.0019269600000000001,0.0024000000000000002
0.0019270000000000001,0.0024000000000000002
0.00192704,0.0004
0.00192708,-0.0006000000000000001
0.00192712,-0.0008
0.00192716,0.001
0.0019272,0.0024000000000000002
0.00192724,0.0024000000000000002
0.00192728,0.0016
0.00192732,0.0
0.00192736,-0.0012000000000000001
0.0019274000000000001,0.0
0.00192744,0.0006000000000000001
0.00192748,0.0
0.00192752,-0.0004
0.00192756,-0.0014
0.0019276,0.0
0.00192764,0.0004
0.00192768,0.0
0.00192772,0.0002
0.00192776,-0.0006000000000000001
0.0019278,-0.0008
0.0019278400000000001,-0.0016
0.00192788,-0.0018000000000000002
0.00192792,-0.0012000000000000001
0.00192796,0.0006000000000000001
0.001928,0.0012000000000000001
0.00192804,0.0014
0.00192808,-0.0004
0.00192812,-0.0006000000000000001
0.00192816,0.0004
0.0019282,0.0016
0.0019282400000000001,0.0024000000000000002
0.00192828,-0.0002
0.00192832,0.0006000000000000001
0.00192836,-0.001
0.0019284,0.0014
0.00192844,0.004
0.00192848,0.0026000000000000003
0.00192852,0.0006000000000000001
0.00192856,0.0002
0.0019286,-0.0006000000000000001
0.0019286400000000001,0.002
0.00192868,0.0016
0.00192872,-0.0004
0.00192876,0.0
0.0019288,0.0008
0.00192884,0.0016
0.00192888,0.0014
0.00192892,-0.0004
0.00192896,0.001
0.001929,-0.0002
0.00192904,0.0008
0.0019290800000000001,-0.0008
0.00192912,-0.001
0.00192916,0.0004
0.0019292,0.0016
0.00192924,0.002
0.00192928,0.0006000000000000001
0.00192932,-0.0014
0.00192936,-0.0012000000000000001
0.0019294,0.0008
0.00192944,0.0026000000000000003
0.0019294800000000001,0.0026000000000000003
0.00192952,0.001
0.00192956,0.0006000000000000001
0.0019296,0.0006000000000000001
0.00192964,0.003
0.00192968,0.0034000000000000002
0.00192972,0.001
0.00192976,0.0
0.0019298,0.0
0.00192984,0.0002
0.00192988,0.0014
0.0019299200000000001,0.0008
0.00192996,0.0
0.00193,0.0
0.00193004,-0.0004
0.00193008,0.0006000000000000001
0.00193012,0.0006000000000000001
0.00193016,0.0002
0.0019302,0.0026000000000000003
0.00193024,0.0012000000000000001
0.00193028,0.0006000000000000001
0.0019303200000000001,0.0002
0.00193036,0.0006000000000000001
0.0019304,0.0024000000000000002
0.00193044,0.0026000000000000003
0.00193048,0.0024000000000000002
0.00193052,0.0002
0.00193056,-0.0016
0.0019306,0.0004
0.00193064,0.0014
0.00193068,0.002
0.00193072,0.0008
0.0019307600000000001,-0.0008
0.0019308,-0.0002
0.00193084,0.0006000000000000001
0.00193088,0.003
0.00193092,0.0038
0.00193096,0.0006000000000000001
0.001931,0.0
0.00193104,0.0002
0.00193108,0.0002
0.00193112,0.002
0.0019311600000000001,0.0016
0.0019312,0.0004
0.00193124,0.0004
0.00193128,-0.001
0.00193132,0.0
0.00193136,0.0008
0.0019314,0.0004
0.00193144,0.0018000000000000002
0.00193148,0.0014
0.00193152,0.002
0.00193156,0.0018000000000000002
0.0019316000000000001,0.0022
0.00193164,0.0036000000000000003
0.00193168,0.0022
0.00193172,0.0018000000000000002
0.00193176,0.0002
0.0019318,-0.0008
0.00193184,0.0018000000000000002
0.00193188,0.003
0.00193192,0.0026000000000000003
0.00193196,0.0016
0.0019320000000000001,0.0002
0.00193204,0.0004
0.00193208,0.001
0.00193212,0.0024000000000000002
0.00193216,0.0024000000000000002
0.0019322,-0.0006000000000000001
0.00193224,-0.0006000000000000001
0.00193228,0.001
0.00193232,0.002
0.00193236,0.0034000000000000002
0.0019324,0.0028
0.0019324400000000001,0.0012000000000000001
0.00193248,0.0008
0.00193252,0.0014
0.00193256,0.002
0.0019326,0.0014
0.00193264,0.0004
0.00193268,0.0018000000000000002
0.00193272,0.0014
0.00193276,0.001
0.0019328,0.0014
0.0019328400000000001,0.0022
0.00193288,0.0032
0.00193292,0.0028
0.00193296,0.0014
0.001933,0.0006000000000000001
0.00193304,0.0004
0.00193308,0.0024000000000000002
0.00193312,0.0028
0.00193316,0.0026000000000000003
0.0019332,0.0004
0.0019332400000000001,-0.0018000000000000002
0.0019332800000000001,-0.0002
0.00193332,0.0012000000000000001
0.00193336,0.0014
0.0019334,0.0012000000000000001
0.00193344,-0.0006000000000000001
0.00193348,-0.0006000000000000001
0.00193352,0.001
0.00193356,0.001
0.0019336,0.0012000000000000001
0.00193364,0.0
0.0019336800000000001,0.0002
0.00193372,0.0014
0.00193376,0.0008
0.0019338,0.0022
0.00193384,0.0022
0.00193388,0.0028
0.00193392,0.0032
0.00193396,0.0014
0.001934,0.0014
0.00193404,0.0012000000000000001
0.00193408,0.0024000000000000002
0.0019341200000000001,0.0028
0.00193416,0.002
0.0019342,0.0008
0.00193424,0.0
0.00193428,0.0008
0.00193432,0.0038
0.00193436,0.0032
0.0019344,0.0016
0.00193444,0.0002
0.00193448,-0.0014
0.0019345200000000001,0.0008
0.00193456,0.0016
0.0019346,0.0012000000000000001
0.00193464,0.0004
0.00193468,-0.0014
0.00193472,0.0
0.00193476,0.0014
0.0019348,0.0022
0.00193484,0.002
0.00193488,0.0016
0.0019349200000000001,0.0014
0.0019349600000000001,0.0014
0.001935,0.0016
0.00193504,0.0016
0.00193508,0.0024000000000000002
0.00193512,0.0018000000000000002
0.00193516,0.0018000000000000002
0.0019352,0.0
0.00193524,0.0
0.00193528,0.0006000000000000001
0.00193532,0.0022
0.0019353600000000001,0.0028
0.0019354,0.0008
0.00193544,0.0002
0.00193548,0.0018000000000000002
0.00193552,0.0018000000000000002
0.00193556,0.0034000000000000002
0.0019356,0.0016
0.00193564,0.0012000000000000001
0.00193568,-0.0004
0.00193572,0.0002
0.0019357600000000001,0.0018000000000000002
0.0019358,0.0024000000000000002
0.00193584,0.0012000000000000001
0.00193588,0.001
0.00193592,-0.001
0.00193596,0.001
0.001936,0.0012000000000000001
0.00193604,0.0012000000000000001
0.00193608,0.0014
0.00193612,0.0
0.00193616,0.0002
0.0019362000000000001,0.0014
0.00193624,0.0014
0.00193628,0.0026000000000000003
0.00193632,0.0028
0.00193636,0.0024000000000000002
0.0019364,0.0012000000000000001
0.00193644,-0.0008
0.00193648,0.0004
0.00193652,0.0008
0.00193656,0.0008
0.0019366000000000001,0.0004
0.00193664,-0.0008
0.00193668,0.0002
0.00193672,0.0002
0.00193676,0.0014
0.0019368,0.003
0.00193684,0.001
0.00193688,0.0002
0.00193692,-0.0004
0.00193696,0.0008
0.001937,0.003
0.0019370400000000001,0.0022
0.00193708,0.0012000000000000001
0.00193712,0.0004
0.00193716,-0.0006000000000000001
0.0019372,0.0012000000000000001
0.00193724,0.0014
0.00193728,0.0024000000000000002
0.00193732,0.0014
0.00193736,0.0004
0.0019374,0.0008
0.0019374400000000001,0.0014
0.00193748,0.0018000000000000002
0.00193752,0.002
0.00193756,0.0012000000000000001
0.0019376,0.0016
0.00193764,0.0016
0.00193768,-0.0004
0.00193772,0.001
0.00193776,0.0004
0.0019378,0.002
0.00193784,0.001
0.0019378800000000001,-0.001
0.00193792,-0.0008
0.00193796,0.0004
0.001938,0.0022
0.00193804,0.0024000000000000002
0.00193808,-0.0002
0.00193812,0.0006000000000000001
0.00193816,-0.0006000000000000001
0.0019382,0.0012000000000000001
0.00193824,0.003
0.0019382800000000001,0.0022
0.00193832,0.002
0.00193836,-0.0002
0.0019384,-0.0004
0.00193844,0.002
0.00193848,0.0022
0.00193852,0.0016
0.00193856,0.0018000000000000002
0.0019386,0.0014
0.00193864,0.0012000000000000001
0.00193868,0.0012000000000000001
0.0019387200000000001,0.0008
0.00193876,0.0016
0.0019388,0.0006000000000000001
0.00193884,0.0006000000000000001
0.00193888,-0.0006000000000000001
0.00193892,-0.0012000000000000001
0.00193896,0.0006000000000000001
0.001939,0.0018000000000000002
0.00193904,0.0018000000000000002
0.00193908,-0.0006000000000000001
0.0019391200000000001,-0.0024000000000000002
0.00193916,-0.001
0.0019392,0.0
0.00193924,0.001
0.00193928,0.0
0.00193932,-0.002
0.00193936,-0.0016
0.0019394,-0.0002
0.00193944,0.0016
0.00193948,0.0028
0.0019395200000000001,0.0004
0.0019395600000000001,0.0
0.0019396,0.0004
0.00193964,0.0004
0.00193968,0.0018000000000000002
0.00193972,0.0012000000000000001
0.00193976,0.0016
0.0019398,0.0012000000000000001
0.00193984,0.001
0.00193988,0.0004
0.00193992,-0.0006000000000000001
0.0019399600000000001,0.0002
0.00194,0.0014
0.00194004,0.0002
0.00194008,-0.0004
0.00194012,-0.0008
0.00194016,-0.0004
0.0019402,0.0016
0.00194024,0.0018000000000000002
0.00194028,0.0004
0.00194032,-0.0012000000000000001
0.00194036,-0.0024000000000000002
0.0019404000000000001,-0.001
0.00194044,0.0
0.00194048,0.0006000000000000001
0.00194052,-0.0008
0.00194056,-0.002
0.0019406,-0.0016
0.00194064,-0.0002
0.00194068,0.0012000000000000001
0.00194072,0.0
0.00194076,-0.0004
0.0019408000000000001,-0.0008
0.00194084,-0.0002
0.00194088,-0.0004
0.00194092,0.0024000000000000002
0.00194096,0.0032
0.001941,0.0028
0.00194104,0.0018000000000000002
0.00194108,-0.0004
0.00194112,-0.0002
0.00194116,0.0006000000000000001
0.0019412000000000001,0.0006000000000000001
0.0019412400000000001,0.0012000000000000001
0.00194128,-0.0012000000000000001
0.00194132,-0.001
0.00194136,-0.0016
0.0019414,-0.0002
0.00194144,0.0014
0.00194148,0.0012000000000000001
0.00194152,0.0
0.00194156,-0.0012000000000000001
0.0019416,-0.001
0.0019416400000000001,0.0006000000000000001
0.00194168,0.0008
0.00194172,0.0004
0.00194176,-0.0024000000000000002
0.0019418,-0.0026000000000000003
0.00194184,-0.0016
0.00194188,-0.0004
0.00194192,0.0006000000000000001
0.00194196,0.0004
0.001942,-0.0006000000000000001
0.00194204,-0.0006000000000000001
0.00194208,0.0006000000000000001
0.00194212,0.0006000000000000001
0.00194216,0.0016
0.0019422,0.001
0.00194224,0.0014
0.00194228,0.0004
0.00194232,-0.0012000000000000001
0.00194236,0.0002
0.0019424,0.0002
0.00194244,0.001
0.0019424800000000001,0.0006000000000000001
0.00194252,-0.0002
0.00194256,0.0002
0.0019426,-0.0014
0.00194264,-0.0006000000000000001
0.00194268,0.0002
0.00194272,-0.0008
0.00194276,-0.0016
0.0019428,-0.003
0.00194284,-0.0028
0.0019428800000000001,-0.0006000000000000001
0.00194292,0.0004
0.00194296,0.0006000000000000001
0.001943,-0.0018000000000000002
0.00194304,-0.0034000000000000002
0.00194308,-0.0012000000000000001
0.00194312,-0.0006000000000000001
0.00194316,0.0006000000000000001
0.0019432,-0.0012000000000000001
0.00194324,-0.0018000000000000002
0.00194328,0.0002
0.0019433200000000001,-0.0004
0.00194336,0.0008
0.0019434,0.0014
0.00194344,0.0004
0.00194348,0.0012000000000000001
0.00194352,-0.0006000000000000001
0.00194356,-0.0014
0.0019436,-0.0006000000000000001
0.00194364,0.0002
0.00194368,0.0016
0.0019437200000000001,0.0008
0.00194376,-0.0022
0.0019438,-0.0022
0.00194384,-0.0012000000000000001
0.00194388,0.001
0.00194392,0.0006000000000000001
0.00194396,-0.0002
0.001944,-0.0026000000000000003
0.00194404,-0.0028
0.00194408,-0.001
0.00194412,0.0012000000000000001
0.0019441600000000001,0.0002
0.0019442,-0.0004
0.00194424,-0.0026000000000000003
0.00194428,-0.0016
0.00194432,0.0
0.00194436,-0.0002
0.0019444,0.0
0.00194444,-0.0006000000000000001
0.00194448,-0.0002
0.00194452,-0.0004
0.0019445600000000001,-0.0014
0.0019446,-0.0002
0.00194464,0.0
0.00194468,0.0008
0.00194472,0.001
0.00194476,0.0
0.0019448,-0.0004
0.00194484,0.0006000000000000001
0.00194488,0.002
0.00194492,0.0022
0.00194496,0.0
0.0019450000000000001,-0.0024000000000000002
0.00194504,-0.0028
0.00194508,-0.001
0.00194512,0.0008
0.00194516,-0.0004
0.0019452,-0.0014
0.00194524,-0.0026000000000000003
0.00194528,-0.0018000000000000002
0.00194532,0.0002
0.00194536,0.0014
0.0019454000000000001,0.0
0.00194544,-0.0002
0.00194548,-0.0008
0.00194552,0.0
0.00194556,0.0008
0.0019456,0.0004
0.00194564,0.0008
0.00194568,0.0002
0.00194572,0.0
0.00194576,0.0
0.0019458000000000001,-0.0018000000000000002
0.0019458400000000001,-0.0002
0.00194588,0.001
0.00194592,0.0004
0.00194596,-0.0006000000000000001
0.001946,-0.0024000000000000002
0.00194604,-0.0008
0.00194608,0.0004
0.00194612,0.0008
0.00194616,0.0004
0.0019462,-0.0012000000000000001
0.0019462400000000001,-0.0014
0.00194628,-0.001
0.00194632,-0.0004
0.00194636,0.002
0.0019464,0.0002
0.00194644,-0.0006000000000000001
0.00194648,-0.0008
0.00194652,-0.0012000000000000001
0.00194656,0.0004
0.0019466,0.0002
0.00194664,-0.0006000000000000001
0.0019466800000000001,0.0004
0.00194672,-0.0004
0.00194676,0.0018000000000000002
0.0019468,0.0024000000000000002
0.00194684,0.0026000000000000003
0.00194688,0.0028
0.00194692,0.0012000000000000001
0.00194696,0.0004
0.001947,0.0004
0.00194704,-0.0006000000000000001
0.0019470800000000001,0.0006000000000000001
0.00194712,0.0014
0.00194716,0.0012000000000000001
0.0019472,0.0008
0.00194724,-0.0006000000000000001
0.00194728,-0.0004
0.00194732,0.0018000000000000002
0.00194736,0.0014
0.0019474,0.0006000000000000001
0.00194744,-0.0016
0.0019474800000000001,-0.0024000000000000002
0.0019475200000000001,-0.0022
0.00194756,-0.0004
0.0019476,0.0016
0.00194764,0.0004
0.00194768,-0.0006000000000000001
0.00194772,-0.0014
0.00194776,0.0004
0.0019478,0.002
0.00194784,0.0016
0.00194788,-0.0008
0.0019479200000000001,-0.0006000000000000001
0.00194796,-0.0014
0.001948,0.0016
0.00194804,0.0016
0.00194808,0.0024000000000000002
0.00194812,0.0026000000000000003
0.00194816,0.0018000000000000002
0.0019482,0.002
0.00194824,0.0016
0.00194828,0.0002
0.00194832,0.0026000000000000003
0.0019483600000000001,0.0014
0.0019484,0.0016
0.00194844,0.0
0.00194848,-0.0018000000000000002
0.00194852,0.0
0.00194856,0.0012000000000000001
0.0019486,0.0018000000000000002
0.00194864,0.0008
0.00194868,-0.002
0.00194872,-0.0018000000000000002
0.0019487600000000001,0.0006000000000000001
0.0019488,0.0018000000000000002
0.00194884,0.002
0.00194888,-0.0014
0.00194892,-0.0014
0.00194896,-0.0012000000000000001
0.001949,0.0008
0.00194904,0.002
0.00194908,0.0014
0.00194912,0.0006000000000000001
0.0019491600000000001,0.0006000000000000001
0.0019492,0.001
0.00194924,0.0032
0.00194928,0.0018000000000000002
0.00194932,0.001
0.00194936,0.0024000000000000002
0.0019494,0.001
0.00194944,0.0016
0.00194948,0.0012000000000000001
0.00194952,0.0016
0.00194956,0.0038
0.0019496000000000001,0.0034000000000000002
0.00194964,0.0012000000000000001
0.00194968,-0.0004
0.00194972,-0.0012000000000000001
0.00194976,0.0008
0.0019498,0.0018000000000000002
0.00194984,0.0006000000000000001
0.00194988,-0.001
0.00194992,-0.0022
0.00194996,-0.0002
0.0019500000000000001,0.0014
0.00195004,0.002
0.00195008,0.0016
0.00195012,-0.0006000000000000001
0.00195016,-0.001
0.0019502,0.0
0.00195024,0.0012000000000000001
0.00195028,0.0024000000000000002
0.00195032,0.0012000000000000001
0.00195036,-0.0002
0.0019504,0.0008
0.0019504400000000001,0.0006000000000000001
0.00195048,0.0018000000000000002
0.00195052,0.0
0.00195056,0.0022
0.0019506,0.0022
0.00195064,0.002
0.00195068,0.0014
0.00195072,0.0024000000000000002
0.00195076,0.0024000000000000002
0.0019508,0.004200000000000001
0.0019508400000000001,0.0024000000000000002
0.00195088,0.0012000000000000001
0.00195092,-0.0008
0.00195096,-0.0006000000000000001
0.001951,0.0016
0.00195104,0.0024000000000000002
0.00195108,0.0008
0.00195112,-0.0002
0.00195116,-0.0008
0.0019512,0.0006000000000000001
0.00195124,0.0008
0.0019512800000000001,0.0018000000000000002
0.00195132,0.0006000000000000001
0.00195136,0.0
0.0019514,-0.0006000000000000001
0.00195144,0.0004
0.00195148,0.0018000000000000002
0.00195152,0.0034000000000000002
0.00195156,0.002
0.0019516,0.0024000000000000002
0.00195164,0.002
0.0019516800000000001,0.002
0.00195172,0.0028
0.00195176,0.0018000000000000002
0.0019518,0.0016
0.00195184,0.0014
0.00195188,0.0012000000000000001
0.00195192,0.0008
0.00195196,0.0016
0.001952,0.0028
0.00195204,0.0034000000000000002
0.0019520800000000001,0.0028
0.0019521200000000001,0.0014
0.00195216,-0.0002
0.0019522,0.0016
0.00195224,0.0028
0.00195228,0.0026000000000000003
0.00195232,0.0014
0.00195236,-0.0008
0.0019524,-0.0012000000000000001
0.00195244,0.0006000000000000001
0.00195248,0.0016
0.0019525200000000001,0.0024000000000000002
0.00195256,0.0012000000000000001
0.0019526,-0.0006000000000000001
0.00195264,0.0002
0.00195268,0.001
0.00195272,0.0026000000000000003
0.00195276,0.0028
0.0019528,0.0016
0.00195284,0.0006000000000000001
0.00195288,0.0008
0.00195292,0.001
0.0019529600000000001,0.002
0.001953,0.0014
0.00195304,0.0016
0.00195308,0.002
0.00195312,0.0016
0.0019531600000000002,0.0
0.0019532,0.0002
0.00195324,0.0016
0.00195328,0.0026000000000000003
0.00195332,0.0004
0.00195336,-0.001
0.0019534,-0.0004
0.00195344,0.0016
0.00195348,0.0028
0.00195352,0.0032
0.00195356,0.0014
0.0019536,-0.001
0.00195364,-0.0012000000000000001
0.00195368,0.0018000000000000002
0.00195372,0.0014
0.00195376,0.0018000000000000002
0.0019538,0.001
0.00195384,0.0004
0.00195388,0.0018000000000000002
0.00195392,0.003
0.00195396,0.003
0.001954,0.0022
0.00195404,0.0008
0.00195408,0.0028
0.00195412,0.0022
0.00195416,0.0022
0.0019542,0.0012000000000000001
0.00195424,0.002
0.00195428,0.0036000000000000003
0.00195432,0.0016
0.00195436,0.0006000000000000001
0.0019544000000000002,0.0004
0.00195444,0.0018000000000000002
0.00195448,0.0026000000000000003
0.00195452,0.0014
0.00195456,0.0
0.0019546,-0.0012000000000000001
0.00195464,-0.0008
0.00195468,0.002
0.00195472,0.0032
0.00195476,0.0014
0.0019548,0.001
0.0019548400000000002,0.0
0.00195488,0.001
0.00195492,0.0024000000000000002
0.00195496,0.0014
0.001955,0.002
0.00195504,-0.0004
0.00195508,0.0004
0.00195512,0.0014
0.00195516,0.0014
0.0019552,0.002
0.00195524,0.0018000000000000002
0.00195528,0.001
0.00195532,0.0008
0.00195536,-0.0002
0.0019554,0.0004
0.00195544,0.0016
0.00195548,0.0026000000000000003
0.00195552,0.0022
0.00195556,0.001
0.0019556,0.0
0.00195564,-0.0002
0.00195568,-0.0002
0.00195572,0.0014
0.00195576,0.0006000000000000001
0.0019558,-0.0008
0.00195584,-0.0008
0.00195588,-0.0006000000000000001
0.00195592,0.0016
0.00195596,0.0022
0.001956,0.0012000000000000001
0.00195604,0.0004
0.0019560800000000002,-0.0002
0.00195612,0.0012000000000000001
0.00195616,0.003
0.0019562,0.0032
0.00195624,0.0026000000000000003
0.00195628,0.0012000000000000001
0.00195632,0.0006000000000000001
0.00195636,0.0016
0.0019564,0.0028
0.00195644,0.0026000000000000003
0.00195648,0.0016
0.0019565200000000002,0.0002
0.00195656,0.0006000000000000001
0.0019566,0.0006000000000000001
0.00195664,0.001
0.00195668,0.0014
0.00195672,0.0012000000000000001
0.00195676,0.0018000000000000002
0.0019568,0.0012000000000000001
0.00195684,-0.0002
0.00195688,-0.0008
0.00195692,0.0004
0.00195696,0.0012000000000000001
0.001957,0.0006000000000000001
0.00195704,-0.0012000000000000001
0.00195708,-0.0012000000000000001
0.00195712,-0.0018000000000000002
0.00195716,0.0
0.0019572,0.001
0.00195724,-0.001
0.00195728,-0.0014
0.0019573200000000002,-0.0016
0.00195736,0.0012000000000000001
0.0019574,0.004
0.00195744,0.0026000000000000003
0.00195748,0.0018000000000000002
0.00195752,-0.0002
0.00195756,0.0006000000000000001
0.0019576,0.002
0.00195764,0.0018000000000000002
0.00195768,0.0016
0.00195772,0.001
0.0019577600000000002,0.0008
0.0019578,0.0014
0.00195784,-0.0004
0.00195788,0.0016
0.00195792,0.0018000000000000002
0.00195796,0.0012000000000000001
0.001958,0.001
0.00195804,-0.002
0.00195808,-0.0024000000000000002
0.00195812,0.0002
0.00195816,-0.0006000000000000001
0.0019582000000000002,0.002
0.00195824,-0.0006000000000000001
0.00195828,-0.0018000000000000002
0.00195832,-0.002
0.00195836,-0.0006000000000000001
0.0019584,0.0018000000000000002
0.00195844,0.0002
0.00195848,-0.001
0.00195852,-0.0016
0.00195856,-0.001
0.0019586,0.0018000000000000002
0.00195864,0.0026000000000000003
0.00195868,0.0018000000000000002
0.00195872,0.0004
0.00195876,-0.001
0.0019588,0.0006000000000000001
0.00195884,0.0012000000000000001
0.00195888,0.0
0.00195892,0.0008
0.00195896,-0.0002
0.001959,0.0
0.00195904,0.0
0.00195908,-0.0014
0.00195912,0.0
0.00195916,0.001
0.0019592,0.001
0.00195924,0.0004
0.00195928,-0.0006000000000000001
0.00195932,-0.0002
0.00195936,0.0004
0.0019594,0.0014
0.0019594400000000002,0.0018000000000000002
0.00195948,-0.0012000000000000001
0.00195952,-0.0014
0.00195956,-0.001
0.0019596,0.0002
0.00195964,0.0012000000000000001
0.00195968,0.0
0.00195972,-0.001
0.00195976,-0.0012000000000000001
0.0019598,-0.0012000000000000001
0.00195984,0.001
0.00195988,0.001
0.00195992,-0.0006000000000000001
0.00195996,-0.0006000000000000001
0.00196,-0.0014
0.00196004,-0.0004
0.00196008,0.0006000000000000001
0.00196012,0.0014
0.00196016,0.001
0.0019602,0.0
0.00196024,0.0006000000000000001
0.00196028,-0.0006000000000000001
0.00196032,-0.001
0.00196036,0.0004
0.0019604,-0.0004
0.00196044,-0.0008
0.00196048,-0.0018000000000000002
0.00196052,-0.0026000000000000003
0.00196056,-0.0014
0.0019606,0.0006000000000000001
0.00196064,0.002
0.0019606800000000002,0.002
0.00196072,-0.0002
0.00196076,-0.0008
0.0019608,-0.0006000000000000001
0.00196084,0.0008
0.00196088,0.0012000000000000001
0.00196092,0.0006000000000000001
0.00196096,-0.0008
0.001961,-0.0002
0.00196104,-0.001
0.00196108,0.0014
0.0019611200000000002,0.0008
0.00196116,0.0002
0.0019612,-0.0014
0.00196124,-0.0016
0.00196128,-0.0004
0.00196132,-0.0002
0.00196136,-0.0002
0.0019614,0.001
0.00196144,-0.0006000000000000001
0.00196148,0.0004
0.00196152,-0.001
0.00196156,-0.001
0.0019616,0.0002
0.00196164,0.0006000000000000001
0.00196168,0.0004
0.00196172,-0.0006000000000000001
0.00196176,-0.0022
0.0019618,-0.0004
0.00196184,0.0012000000000000001
0.00196188,0.002
0.00196192,0.0002
0.00196196,-0.0016
0.001962,-0.0008
0.00196204,0.0
0.00196208,0.0032
0.00196212,0.002
0.00196216,0.0004
0.0019622,-0.0002
0.00196224,-0.0006000000000000001
0.00196228,0.0006000000000000001
0.00196232,0.0016
0.0019623600000000002,-0.0004
0.0019624,-0.0014
0.00196244,-0.0022
0.00196248,-0.0012000000000000001
0.00196252,0.0006000000000000001
0.00196256,-0.0002
0.0019626,0.0002
0.00196264,-0.0006000000000000001
0.00196268,-0.0012000000000000001
0.00196272,-0.0016
0.00196276,-0.0026000000000000003
0.0019628000000000002,-0.001
0.00196284,0.0002
0.00196288,0.0002
0.00196292,-0.0012000000000000001
0.00196296,-0.0022
0.001963,-0.002
0.00196304,0.0
0.00196308,0.0008
0.00196312,0.0006000000000000001
0.00196316,-0.0008
0.0019632,-0.0014
0.00196324,0.0004
0.00196328,0.0012000000000000001
0.00196332,0.002
0.00196336,0.0012000000000000001
0.0019634,-0.0002
0.00196344,0.0
0.00196348,0.0004
0.00196352,0.0012000000000000001
0.00196356,0.0006000000000000001
0.0019636000000000002,-0.0006000000000000001
0.00196364,-0.0006000000000000001
0.00196368,-0.0008
0.00196372,-0.0008
0.00196376,-0.0006000000000000001
0.0019638,-0.0008
0.00196384,-0.0002
0.00196388,-0.0004
0.00196392,-0.0012000000000000001
0.00196396,-0.0012000000000000001
0.001964,-0.002
0.0019640400000000002,0.0004
0.00196408,0.002
0.00196412,0.001
0.00196416,-0.0002
0.0019642,-0.002
0.00196424,-0.0006000000000000001
0.00196428,0.0018000000000000002
0.00196432,-0.0002
0.00196436,0.0008
0.0019644,-0.0006000000000000001
0.00196444,-0.0006000000000000001
0.0019644800000000002,0.0006000000000000001
0.00196452,0.0016
0.00196456,0.0024000000000000002
0.0019646,0.002
0.00196464,-0.0006000000000000001
0.00196468,0.0002
0.00196472,0.0
0.00196476,0.001
0.0019648,0.0002
0.00196484,-0.0002
0.00196488,-0.0002
0.00196492,-0.0006000000000000001
0.00196496,-0.0004
0.001965,-0.0006000000000000001
0.00196504,0.0
0.00196508,0.0002
0.00196512,-0.0004
0.00196516,-0.0016
0.0019652,-0.0006000000000000001
0.00196524,-0.0008
0.00196528,0.0018000000000000002
0.00196532,0.0016
0.00196536,0.0012000000000000001
0.0019654,-0.0008
0.00196544,0.0004
0.00196548,0.0014
0.00196552,0.0026000000000000003
0.00196556,0.0018000000000000002
0.0019656,0.0008
0.00196564,-0.0012000000000000001
0.00196568,-0.001
0.0019657200000000002,0.0012000000000000001
0.00196576,0.0016
0.0019658,0.0016
0.00196584,0.0
0.00196588,-0.0012000000000000001
0.00196592,0.0
0.00196596,0.0
0.001966,0.002
0.00196604,0.0018000000000000002
0.00196608,0.0002
0.00196612,-0.0008
0.00196616,-0.001
0.0019662,0.0002
0.00196624,0.0
0.00196628,-0.0002
0.00196632,0.0
0.00196636,-0.0006000000000000001
0.0019664,-0.0004
0.00196644,-0.0002
0.00196648,0.0006000000000000001
0.00196652,0.0026000000000000003
0.00196656,0.0024000000000000002
0.0019666,0.0004
0.00196664,-0.0004
0.00196668,-0.0008
0.00196672,0.0026000000000000003
0.00196676,0.0044
0.0019668,0.0032
0.00196684,0.0018000000000000002
0.00196688,-0.0002
0.00196692,0.0008
0.0019669600000000002,0.0024000000000000002
0.001967,0.0018000000000000002
0.00196704,0.0006000000000000001
0.00196708,-0.0008
0.00196712,-0.0012000000000000001
0.00196716,0.0006000000000000001
0.0019672,0.0
0.00196724,0.0012000000000000001
0.00196728,0.0006000000000000001
0.00196732,0.0004
0.00196736,0.0008
0.0019674000000000002,0.0004
0.00196744,0.0006000000000000001
0.00196748,0.0004
0.00196752,0.0004
0.00196756,0.0018000000000000002
0.0019676,-0.0002
0.00196764,-0.0004
0.00196768,-0.001
0.00196772,0.0014
0.00196776,0.0028
0.0019678,0.0016
0.00196784,0.0
0.00196788,-0.0006000000000000001
0.00196792,0.0012000000000000001
0.00196796,0.0036000000000000003
0.001968,0.004200000000000001
0.00196804,0.002
0.00196808,0.001
0.00196812,0.0
0.00196816,0.002
0.0019682,0.0012000000000000001
0.00196824,0.0006000000000000001
0.00196828,0.0
0.00196832,-0.0006000000000000001
0.00196836,0.0004
0.0019684,0.002
0.00196844,0.0008
0.00196848,0.0012000000000000001
0.00196852,-0.0002
0.00196856,0.0008
0.0019686,0.0004
0.0019686400000000002,-0.0002
0.00196868,-0.0002
0.00196872,0.0008
0.00196876,0.0018000000000000002
0.0019688,0.0016
0.00196884,-0.0002
0.00196888,0.0
0.00196892,0.0012000000000000001
0.00196896,0.0032
0.001969,0.0032
0.00196904,0.0008
0.0019690800000000002,0.0004
0.00196912,0.0008
0.00196916,0.0026000000000000003
0.0019692,0.0046
0.00196924,0.0034000000000000002
0.00196928,0.0022
0.00196932,0.0022
0.00196936,0.0018000000000000002
0.0019694,0.0028
0.00196944,0.0028
0.00196948,0.0026000000000000003
0.00196952,0.0012000000000000001
0.00196956,0.0002
0.0019696,0.0
0.00196964,0.0006000000000000001
0.00196968,0.0006000000000000001
0.00196972,0.0014
0.00196976,-0.0002
0.0019698,0.0004
0.00196984,0.0
0.0019698800000000002,0.0002
0.00196992,0.0016
0.00196996,0.0026000000000000003
0.00197,0.0024000000000000002
0.00197004,0.001
0.00197008,-0.0002
0.00197012,0.0006000000000000001
0.00197016,0.0008
0.0019702,0.003
0.00197024,0.0032
0.00197028,0.0026000000000000003
0.0019703200000000002,0.0014
0.00197036,0.0016
0.0019704,0.0028
0.00197044,0.004200000000000001
0.00197048,0.0022
0.00197052,0.001
0.00197056,0.0002
0.0019706,0.0008
0.00197064,0.0032
0.00197068,0.0036000000000000003
0.00197072,0.0024000000000000002
0.0019707600000000002,0.0006000000000000001
0.0019708,0.0
0.00197084,0.0006000000000000001
0.00197088,0.0012000000000000001
0.00197092,0.0012000000000000001
0.00197096,0.0016
0.001971,-0.0008
0.00197104,0.0002
0.00197108,0.0006000000000000001
0.00197112,0.001
0.00197116,0.0012000000000000001
0.0019712,0.0008
0.00197124,0.0016
0.00197128,0.0006000000000000001
0.00197132,-0.0004
0.00197136,0.0004
0.0019714,0.0024000000000000002
0.00197144,0.0034000000000000002
0.00197148,0.0026000000000000003
0.00197152,0.0
0.00197156,-0.0002
0.0019716,0.0022
0.00197164,0.0038
0.00197168,0.005200000000000001
0.00197172,0.0016
0.00197176,0.0008
0.0019718,-0.0004
0.00197184,0.0016
0.00197188,0.004
0.00197192,0.0026000000000000003
0.00197196,0.0008
0.0019720000000000002,0.0004
0.00197204,0.0
0.00197208,0.0018000000000000002
0.00197212,0.0012000000000000001
0.00197216,0.0002
0.0019722,0.0002
0.00197224,0.0002
0.00197228,0.0016
0.00197232,0.0012000000000000001
0.00197236,0.0002
0.0019724,0.0018000000000000002
0.0019724400000000002,0.0026000000000000003
0.00197248,0.0024000000000000002
0.00197252,0.0006000000000000001
0.00197256,-0.0006000000000000001
0.0019726,0.002
0.00197264,0.0028
0.00197268,0.0036000000000000003
0.00197272,0.0018000000000000002
0.00197276,-0.0008
0.0019728,0.0004
0.00197284,0.002
0.00197288,0.0028
0.00197292,0.0024000000000000002
0.00197296,-0.0004
0.001973,-0.0004
0.00197304,0.0002
0.00197308,0.0014
0.00197312,0.0018000000000000002
0.00197316,0.0016
0.0019732,0.0008
0.0019732400000000002,0.0006000000000000001
0.00197328,0.0002
0.00197332,0.0016
0.00197336,0.0006000000000000001
0.0019734,0.0006000000000000001
0.00197344,0.0006000000000000001
0.00197348,0.001
0.00197352,0.001
0.00197356,-0.0002
0.0019736,0.0004
0.00197364,0.0018000000000000002
0.0019736800000000002,0.0024000000000000002
0.00197372,0.0014
0.00197376,0.0004
0.0019738,0.0008
0.00197384,0.0026000000000000003
0.00197388,0.0028
0.00197392,0.0046
0.00197396,0.0018000000000000002
0.001974,-0.001
0.00197404,0.0002
0.00197408,0.0018000000000000002
0.00197412,0.0024000000000000002
0.00197416,0.0006000000000000001
0.0019742,-0.0012000000000000001
0.00197424,-0.0004
0.00197428,-0.0012000000000000001
0.00197432,0.0002
0.00197436,0.0002
0.0019744,-0.0014
0.00197444,-0.0012000000000000001
0.00197448,-0.0012000000000000001
0.00197452,-0.0004
0.00197456,0.0022
0.0019746,0.0016
0.00197464,0.0016
0.00197468,0.001
0.00197472,0.0002
0.00197476,0.0002
0.0019748,0.0
0.00197484,0.0014
0.00197488,0.0014
0.00197492,0.0014
0.00197496,0.0008
0.001975,0.0002
0.00197504,0.0018000000000000002
0.00197508,0.0032
0.00197512,0.0032
0.00197516,0.003
0.0019752,-0.0002
0.00197524,-0.0008
0.00197528,0.0008
0.00197532,0.0016
0.0019753600000000002,0.0026000000000000003
0.0019754,0.0006000000000000001
0.00197544,-0.0012000000000000001
0.00197548,-0.0016
0.00197552,-0.0008
0.00197556,0.0006000000000000001
0.0019756,0.0004
0.00197564,-0.0008
0.00197568,-0.0032
0.00197572,-0.0026000000000000003
0.00197576,-0.001
0.0019758,0.0002
0.00197584,0.0002
0.00197588,0.0006000000000000001
0.00197592,-0.0008
0.00197596,0.0
0.001976,0.0002
0.00197604,0.0004
0.00197608,0.001
0.00197612,0.001
0.0019761600000000002,0.0016
0.0019762,0.0008
0.00197624,-0.001
0.00197628,0.0008
0.00197632,0.001
0.00197636,0.0018000000000000002
0.0019764,0.0006000000000000001
0.00197644,-0.0018000000000000002
0.00197648,-0.001
0.00197652,-0.0006000000000000001
0.00197656,0.0016
0.0019766000000000002,0.0016
0.00197664,-0.0016
0.00197668,-0.0024000000000000002
0.00197672,-0.0016
0.00197676,-0.0006000000000000001
0.0019768,0.0006000000000000001
0.00197684,-0.0014
0.00197688,-0.0028
0.00197692,-0.0026000000000000003
0.00197696,-0.0014
0.001977,-0.0002
0.0019770400000000002,-0.0004
0.00197708,-0.0008
0.00197712,-0.0008
0.00197716,-0.0006000000000000001
0.0019772,-0.001
0.00197724,-0.0012000000000000001
0.00197728,0.0
0.00197732,0.0012000000000000001
0.00197736,0.0022
0.0019774,0.0012000000000000001
0.00197744,-0.0002
0.00197748,-0.0012000000000000001
0.00197752,0.0002
0.00197756,0.0012000000000000001
0.0019776,0.0014
0.00197764,-0.0008
0.00197768,-0.0026000000000000003
0.00197772,-0.0016
0.00197776,0.0002
0.0019778,0.001
0.00197784,-0.0004
0.00197788,-0.0016
0.00197792,-0.0018000000000000002
0.00197796,-0.0012000000000000001
0.001978,0.0006000000000000001
0.00197804,0.0016
0.00197808,-0.0002
0.00197812,-0.0014
0.00197816,-0.0016
0.0019782,-0.0016
0.00197824,-0.0012000000000000001
0.0019782800000000002,-0.0002
0.00197832,-0.001
0.00197836,-0.0002
0.0019784,-0.0012000000000000001
0.00197844,0.0006000000000000001
0.00197848,-0.0002
0.00197852,0.0006000000000000001
0.00197856,0.0018000000000000002
0.0019786,0.001
0.00197864,0.0004
0.00197868,-0.0016
0.0019787200000000002,-0.0016
0.00197876,0.0004
0.0019788,0.0
0.00197884,0.0012000000000000001
0.00197888,-0.0008
0.00197892,-0.0026000000000000003
0.00197896,-0.0006000000000000001
0.001979,0.0008
0.00197904,0.0018000000000000002
0.00197908,0.0002
0.00197912,-0.0022
0.00197916,-0.0022
0.0019792,-0.0016
0.00197924,0.0
0.00197928,0.0004
0.00197932,-0.0002
0.00197936,-0.0002
0.0019794,-0.0004
0.00197944,0.0002
0.00197948,0.0012000000000000001
0.0019795200000000002,0.001
0.00197956,-0.0008
0.0019796,-0.0014
0.00197964,-0.002
0.00197968,-0.0006000000000000001
0.00197972,-0.0008
0.00197976,0.0008
0.0019798,0.0012000000000000001
0.00197984,0.0014
0.00197988,0.0006000000000000001
0.00197992,-0.0018000000000000002
0.0019799600000000002,-0.0004
0.00198,0.001
0.00198004,0.0004
0.00198008,0.0004
0.00198012,-0.0022
0.00198016,-0.002
0.0019802,-0.001
0.00198024,0.0
0.00198028,0.0008
0.00198032,0.0
0.00198036,-0.0016
0.0019804,-0.0006000000000000001
0.00198044,0.0004
0.00198048,0.0026000000000000003
0.00198052,0.0032
0.00198056,0.0002
0.0019806,-0.0008
0.00198064,-0.001
0.00198068,0.001
0.00198072,0.0016
0.00198076,0.0
0.0019808,0.0002
0.00198084,-0.0006000000000000001
0.00198088,0.0006000000000000001
0.00198092,0.0016
0.00198096,0.0
0.001981,0.0
0.00198104,0.0006000000000000001
0.00198108,-0.0002
0.00198112,-0.0008
0.00198116,-0.002
0.0019812,-0.0012000000000000001
0.00198124,0.001
0.00198128,0.0016
0.00198132,-0.0002
0.00198136,-0.0016
0.0019814,-0.0018000000000000002
0.00198144,0.0
0.00198148,0.0004
0.00198152,0.0004
0.00198156,-0.0002
0.0019816,-0.0016
0.0019816400000000002,0.0004
0.00198168,0.001
0.00198172,0.0036000000000000003
0.00198176,0.0018000000000000002
0.0019818,-0.0002
0.00198184,0.0002
0.00198188,0.0016
0.00198192,0.0028
0.00198196,0.0028
0.001982,0.001
0.00198204,0.0016
0.00198208,0.0012000000000000001
0.00198212,0.001
0.00198216,0.0004
0.0019822,0.0004
0.00198224,0.0008
0.00198228,0.0016
0.00198232,0.0008
0.00198236,-0.001
0.0019824,-0.0006000000000000001
0.0019824400000000002,0.0008
0.00198248,0.0016
0.00198252,0.0014
0.00198256,0.0004
0.0019826,-0.0028
0.00198264,-0.001
0.00198268,0.0012000000000000001
0.00198272,0.0016
0.00198276,0.0008
0.0019828,-0.0006000000000000001
0.00198284,0.0002
0.0019828800000000002,0.0012000000000000001
0.00198292,0.0022
0.00198296,0.0026000000000000003
0.001983,0.0008
0.00198304,0.0004
0.00198308,0.0002
0.00198312,0.0006000000000000001
0.00198316,0.0024000000000000002
0.0019832,0.0036000000000000003
0.00198324,0.0026000000000000003
0.00198328,0.0024000000000000002
0.0019833200000000002,0.0014
0.00198336,0.0016
0.0019834,0.0006000000000000001
0.00198344,0.0008
0.00198348,0.0016
0.00198352,0.0006000000000000001
0.00198356,-0.0006000000000000001
0.0019836,-0.0008
0.00198364,0.0
0.00198368,0.0024000000000000002
0.00198372,0.0016
0.00198376,0.001
0.0019838,-0.0008
0.00198384,-0.0014
0.00198388,0.0006000000000000001
0.00198392,0.0022
0.00198396,0.0024000000000000002
0.001984,0.0024000000000000002
0.00198404,0.0006000000000000001
0.00198408,0.001
0.00198412,0.0022
0.00198416,0.002
0.0019842,0.0026000000000000003
0.00198424,-0.0002
0.00198428,0.0002
0.00198432,0.0002
0.00198436,0.0022
0.0019844,0.0028
0.00198444,0.002
0.00198448,0.0012000000000000001
0.00198452,0.0016
0.0019845600000000002,0.0006000000000000001
0.0019846,0.0018000000000000002
0.00198464,0.0014
0.00198468,0.0024000000000000002
0.00198472,0.0024000000000000002
0.00198476,0.0006000000000000001
0.0019848,-0.0006000000000000001
0.00198484,-0.001
0.00198488,-0.0008
0.00198492,0.0016
0.00198496,0.0004
0.0019850000000000002,0.0004
0.00198504,-0.0004
0.00198508,-0.0012000000000000001
0.00198512,0.002
0.00198516,0.003
0.0019852,0.003
0.00198524,0.0022
0.00198528,-0.0002
0.00198532,0.0004
0.00198536,0.0012000000000000001
0.0019854,0.002
0.00198544,0.0022
0.00198548,-0.0004
0.00198552,-0.0002
0.00198556,0.0008
0.0019856,0.0028
0.00198564,0.0028
0.00198568,0.0012000000000000001
0.00198572,0.0
0.00198576,0.0006000000000000001
0.0019858000000000002,0.001
0.00198584,0.0022
0.00198588,0.0008
0.00198592,0.0018000000000000002
0.00198596,0.002
0.001986,0.0014
0.00198604,0.0004
0.00198608,0.0004
0.00198612,0.0012000000000000001
0.00198616,0.0034000000000000002
0.0019862,0.0018000000000000002
0.0019862400000000002,0.0018000000000000002
0.00198628,0.0006000000000000001
0.00198632,0.001
0.00198636,0.0028
0.0019864,0.004
0.00198644,0.0036000000000000003
0.00198648,0.002
0.00198652,0.0008
0.00198656,0.0016
0.0019866,0.0026000000000000003
0.00198664,0.0032
0.00198668,0.002
0.00198672,-0.0002
0.00198676,0.0004
0.0019868,0.0006000000000000001
0.00198684,0.002
0.00198688,0.0008
0.00198692,-0.0006000000000000001
0.00198696,0.0
0.001987,0.0
0.00198704,0.0
0.00198708,0.0022
0.00198712,0.0024000000000000002
0.00198716,0.0032
0.0019872,0.0018000000000000002
0.00198724,0.0008
0.00198728,0.0
0.00198732,-0.0004
0.00198736,0.0016
0.0019874,0.003
0.00198744,0.0012000000000000001
0.00198748,0.0004
0.00198752,0.0004
0.00198756,0.0012000000000000001
0.0019876,0.004
0.00198764,0.0032
0.00198768,0.0014
0.00198772,0.0002
0.00198776,-0.0004
0.0019878,0.0028
0.00198784,0.0036000000000000003
0.00198788,0.003
0.0019879200000000002,0.0012000000000000001
0.00198796,0.0004
0.001988,0.0018000000000000002
0.00198804,0.0014
0.00198808,0.0018000000000000002
0.00198812,0.0
0.00198816,-0.0006000000000000001
0.0019882,-0.0002
0.00198824,-0.0008
0.00198828,-0.0012000000000000001
0.00198832,0.0
0.00198836,0.0008
0.0019884,0.0012000000000000001
0.00198844,0.0006000000000000001
0.00198848,-0.0006000000000000001
0.00198852,0.0002
0.00198856,0.0014
0.0019886,0.0028
0.00198864,0.003
0.00198868,0.0004
0.0019887200000000002,0.0004
0.00198876,0.0004
0.0019888,0.0016
0.00198884,0.003
0.00198888,0.0014
0.00198892,0.0006000000000000001
0.00198896,-0.0004
0.001989,-0.0004
0.00198904,0.0018000000000000002
0.00198908,0.0014
0.00198912,0.002
0.0019891600000000002,-0.0006000000000000001
0.0019892,-0.0006000000000000001
0.00198924,0.0
0.00198928,0.0004
0.00198932,0.0014
0.00198936,0.0008
0.0019894,-0.0004
0.00198944,0.0
0.00198948,-0.0008
0.00198952,-0.0008
0.00198956,0.0
0.0019896000000000002,0.0
0.00198964,-0.0006000000000000001
0.00198968,-0.0018000000000000002
0.00198972,-0.0012000000000000001
0.00198976,0.0002
0.0019898,0.0018000000000000002
0.00198984,0.0022
0.00198988,0.0026000000000000003
0.00198992,0.0
0.00198996,0.0002
0.00199,-0.0006000000000000001
0.00199004,0.0014
0.00199008,0.0026000000000000003
0.00199012,0.001
0.00199016,-0.0002
0.0019902,-0.0002
0.00199024,-0.0006000000000000001
0.00199028,0.0014
0.00199032,0.0012000000000000001
0.00199036,0.001
0.0019904,-0.0016
0.00199044,-0.0014
0.00199048,-0.0002
0.00199052,0.0006000000000000001
0.00199056,0.0002
0.0019906,-0.0002
0.00199064,-0.0012000000000000001
0.00199068,-0.0002
0.00199072,-0.001
0.00199076,-0.0002
0.0019908,-0.0004
0.0019908400000000002,-0.0004
0.00199088,0.0
0.00199092,-0.001
0.00199096,-0.001
0.001991,0.0002
0.00199104,0.0006000000000000001
0.00199108,0.0018000000000000002
0.00199112,0.0006000000000000001
0.00199116,-0.0018000000000000002
0.0019912,-0.0008
0.00199124,-0.0008
0.0019912800000000002,0.0024000000000000002
0.00199132,0.0022
0.00199136,0.0006000000000000001
0.0019914,-0.0008
0.00199144,-0.0022
0.00199148,-0.0004
0.00199152,0.0012000000000000001
0.00199156,-0.0002
0.0019916,-0.0014
0.00199164,-0.0024000000000000002
0.00199168,-0.0002
0.00199172,0.0002
0.00199176,0.001
0.0019918,0.0012000000000000001
0.00199184,0.0002
0.00199188,-0.0006000000000000001
0.00199192,-0.0004
0.00199196,-0.002
0.001992,0.0004
0.00199204,0.0002
0.0019920800000000002,0.0004
0.00199212,0.0006000000000000001
0.00199216,-0.0014
0.0019922,-0.001
0.00199224,0.0002
0.00199228,0.0014
0.00199232,0.0022
0.00199236,-0.0002
0.0019924,-0.0006000000000000001
0.00199244,-0.0006000000000000001
0.00199248,0.0006000000000000001
0.0019925200000000002,0.0014
0.00199256,0.0012000000000000001
0.0019926,-0.0008
0.00199264,-0.002
0.00199268,-0.0012000000000000001
0.00199272,0.0008
0.00199276,0.0004
0.0019928,-0.001
0.00199284,-0.0026000000000000003
0.00199288,-0.0026000000000000003
0.00199292,-0.0004
0.0019929600000000002,-0.0008
0.001993,-0.0008
0.00199304,-0.0004
0.00199308,-0.0004
0.00199312,-0.0002
0.00199316,0.0006000000000000001
0.0019932,-0.001
0.00199324,0.0012000000000000001
0.00199328,0.0028
0.00199332,0.0022
0.00199336,0.0002
0.0019934,-0.001
0.00199344,0.0002
0.00199348,0.0008
0.00199352,0.001
0.00199356,0.0008
0.0019936,-0.0012000000000000001
0.00199364,-0.0018000000000000002
0.00199368,-0.0004
0.00199372,0.0018000000000000002
0.00199376,0.0032
0.0019938,0.0
0.00199384,-0.0016
0.00199388,-0.002
0.00199392,-0.001
0.00199396,-0.0002
0.001994,0.0006000000000000001
0.00199404,-0.0014
0.00199408,-0.0004
0.00199412,-0.0012000000000000001
0.00199416,0.0008
0.0019942000000000002,-0.0004
0.00199424,-0.0008
0.00199428,0.0
0.00199432,-0.0006000000000000001
0.00199436,-0.0004
0.0019944,-0.0022
0.00199444,-0.001
0.00199448,0.0022
0.00199452,0.0026000000000000003
0.00199456,0.0018000000000000002
0.0019946,0.0012000000000000001
0.00199464,-0.0006000000000000001
0.00199468,0.0018000000000000002
0.00199472,0.003
0.00199476,0.0018000000000000002
0.0019948,0.0008
0.00199484,-0.0012000000000000001
0.00199488,-0.0002
0.00199492,0.0002
0.00199496,0.0008
0.0019950000000000002,0.0006000000000000001
0.00199504,-0.0012000000000000001
0.00199508,-0.0018000000000000002
0.00199512,-0.0016
0.00199516,-0.0002
0.0019952,0.001
0.00199524,0.001
0.00199528,0.0
0.00199532,0.0002
0.00199536,-0.0008
0.0019954,0.0
0.0019954400000000002,-0.0012000000000000001
0.00199548,0.0
0.00199552,0.0
0.00199556,-0.0006000000000000001
0.0019956,0.0002
0.00199564,0.0004
0.00199568,0.001
0.00199572,0.0026000000000000003
0.00199576,0.0022
0.0019958,0.0016
0.00199584,0.0008
0.0019958800000000002,0.0
0.00199592,0.0016
0.00199596,0.003
0.001996,0.002
0.00199604,0.0008
0.00199608,-0.0014
0.00199612,-0.0002
0.00199616,0.0
0.0019962,0.002
0.00199624,0.0008
0.00199628,-0.0014
0.00199632,-0.0016
0.00199636,-0.001
0.0019964,0.0002
0.00199644,0.0014
0.00199648,0.0
0.00199652,-0.0008
0.00199656,-0.0012000000000000001
0.0019966,-0.0014
0.00199664,0.0008
0.00199668,-0.0006000000000000001
0.00199672,0.0002
0.00199676,0.0002
0.0019968,-0.0006000000000000001
0.00199684,-0.0006000000000000001
0.00199688,0.0
0.00199692,0.0006000000000000001
0.00199696,0.003
0.001997,0.0008
0.00199704,0.0008
0.00199708,-0.0004
0.0019971200000000002,0.0004
0.00199716,0.0028
0.0019972,0.0038
0.00199724,0.0028
0.00199728,0.0002
0.00199732,-0.0022
0.00199736,0.0002
0.0019974,0.001
0.00199744,0.0018000000000000002
0.00199748,0.001
0.00199752,-0.0014
0.0019975600000000002,-0.0016
0.0019976,-0.0006000000000000001
0.00199764,0.0016
0.00199768,0.0024000000000000002
0.00199772,0.0004
0.00199776,-0.0008
0.0019978,-0.0006000000000000001
0.00199784,0.0002
0.00199788,0.0016
0.00199792,0.0004
0.00199796,0.0018000000000000002
0.001998,0.0026000000000000003
0.00199804,0.0016
0.00199808,0.0008
0.00199812,-0.0004
0.00199816,0.0006000000000000001
0.0019982,0.003
0.00199824,0.0012000000000000001
0.00199828,0.0008
0.00199832,-0.001
0.0019983600000000002,0.0004
0.0019984,0.0034000000000000002
0.00199844,0.0036000000000000003
0.00199848,0.0014
0.00199852,0.0
0.00199856,-0.0012000000000000001
0.0019986,0.0016
0.00199864,0.002
0.00199868,0.0026000000000000003
0.00199872,0.0
0.00199876,-0.0008
0.0019988000000000002,-0.0002
0.00199884,0.0006000000000000001
0.00199888,0.0014
0.00199892,0.0006000000000000001
0.00199896,-0.0004
0.001999,0.0004
0.00199904,0.0004
0.00199908,0.0014
0.00199912,0.0006000000000000001
0.00199916,0.0008
0.0019992,0.0022
0.0019992400000000002,0.002
0.00199928,0.0016
0.00199932,0.001
0.00199936,0.0008
0.0019994,0.0028
0.00199944,0.0036000000000000003
0.00199948,0.001
0.00199952,-0.0002
0.00199956,-0.0008
0.0019996,0.0018000000000000002
0.00199964,0.0024000000000000002
0.00199968,0.0008
0.00199972,-0.0006000000000000001
0.00199976,-0.0006000000000000001
0.0019998,-0.0002
0.00199984,0.0018000000000000002
0.00199988,0.0024000000000000002
0.00199992,0.0018000000000000002
0.00199996,0.0012000000000000001
0.002,0.0004
0.00200004,0.0006000000000000001
0.00200008,0.0006000000000000001
0.00200012,0.0016
0.00200016,0.0016
0.0020002,0.0008
0.00200024,0.0012000000000000001
0.00200028,0.0004
0.00200032,0.0012000000000000001
0.00200036,0.0016
0.0020004,0.0024000000000000002
0.00200044,0.0036000000000000003
0.0020004800000000002,0.0024000000000000002
0.00200052,-0.0002
0.00200056,0.0012000000000000001
0.0020006,0.0016
0.00200064,0.0036000000000000003
0.00200068,0.0028
0.00200072,0.0004
0.00200076,0.0004
0.0020008,0.0006000000000000001
0.00200084,0.0022
0.00200088,0.0022
0.00200092,0.0014
0.00200096,-0.0006000000000000001
0.002001,-0.0012000000000000001
0.00200104,-0.0006000000000000001
0.00200108,0.0016
0.00200112,0.0018000000000000002
0.00200116,0.0022
0.0020012,0.0006000000000000001
0.00200124,-0.0002
0.0020012800000000002,0.0008
0.00200132,0.001
0.00200136,0.0022
0.0020014,0.0026000000000000003
0.00200144,0.0012000000000000001
0.00200148,0.002
0.00200152,0.0006000000000000001
0.00200156,0.002
0.0020016,0.0016
0.00200164,0.0016
0.00200168,0.0032
0.0020017200000000002,0.001
0.00200176,0.0014
0.0020018,0.0008
0.00200184,0.0012000000000000001
0.00200188,0.0032
0.00200192,0.002
0.00200196,0.0008
0.002002,0.0002
0.00200204,-0.0002
0.00200208,0.0008
0.00200212,0.0014
0.0020021600000000002,-0.0004
0.0020022,-0.0002
0.00200224,-0.0018000000000000002
0.00200228,0.0002
0.00200232,0.0018000000000000002
0.00200236,0.0012000000000000001
0.0020024,0.001
0.00200244,0.0
0.00200248,-0.0004
0.00200252,0.0
0.00200256,0.001
0.0020026,0.0016
0.00200264,0.002
0.00200268,0.0014
0.00200272,0.002
0.00200276,0.001
0.0020028,0.0024000000000000002
0.00200284,0.0026000000000000003
0.00200288,0.0016
0.00200292,0.002
0.00200296,0.0008
0.002003,-0.001
0.00200304,0.0002
0.00200308,0.0012000000000000001
0.00200312,0.0034000000000000002
0.00200316,0.002
0.0020032,0.0006000000000000001
0.00200324,-0.0006000000000000001
0.00200328,0.001
0.00200332,0.0026000000000000003
0.00200336,0.0034000000000000002
0.0020034000000000002,0.0008
0.00200344,-0.0008
0.00200348,-0.0014
0.00200352,0.001
0.00200356,0.002
0.0020036,0.0004
0.00200364,0.0006000000000000001
0.00200368,-0.0002
0.00200372,0.0
0.00200376,0.0016
0.0020038,0.0018000000000000002
0.0020038400000000002,0.002
0.00200388,0.0018000000000000002
0.00200392,0.0022
0.00200396,0.0022
0.002004,0.0008
0.00200404,0.0014
0.00200408,0.0016
0.00200412,0.0028
0.00200416,0.0024000000000000002
0.0020042,0.0002
0.00200424,-0.0006000000000000001
0.00200428,0.0012000000000000001
0.00200432,0.0016
0.00200436,0.002
0.0020044,0.0002
0.00200444,-0.002
0.00200448,-0.0014
0.00200452,-0.0002
0.00200456,0.0024000000000000002
0.0020046,0.002
0.0020046400000000002,0.0002
0.00200468,0.0002
0.00200472,-0.001
0.00200476,0.0014
0.0020048,0.0006000000000000001
0.00200484,-0.0012000000000000001
0.00200488,-0.0004
0.00200492,-0.001
0.00200496,-0.0006000000000000001
0.002005,0.0006000000000000001
0.00200504,0.0002
0.0020050800000000002,0.0008
0.00200512,0.0004
0.00200516,0.0016
0.0020052,0.0
0.00200524,-0.001
0.00200528,0.0016
0.00200532,0.003
0.00200536,0.0026000000000000003
0.0020054,0.001
0.00200544,-0.0004
0.00200548,-0.001
0.0020055200000000002,0.001
0.00200556,0.0016
0.0020056,0.0016
0.00200564,-0.0002
0.00200568,-0.0022
0.00200572,-0.0004
0.00200576,0.0008
0.0020058,0.0012000000000000001
0.00200584,-0.0002
0.00200588,-0.0016
0.00200592,-0.001
0.00200596,-0.0004
0.002006,0.0006000000000000001
0.00200604,0.0006000000000000001
0.00200608,0.0
0.00200612,0.0002
0.00200616,-0.0002
0.0020062,0.0002
0.00200624,0.0012000000000000001
0.00200628,0.0014
0.00200632,0.0014
0.00200636,-0.0002
0.0020064,-0.0002
0.00200644,-0.0002
0.00200648,-0.0006000000000000001
0.00200652,0.002
0.00200656,0.003
0.0020066,0.002
0.00200664,0.0018000000000000002
0.00200668,-0.001
0.00200672,-0.0002
0.0020067600000000002,0.0018000000000000002
0.0020068,0.0016
0.00200684,0.0002
0.00200688,-0.0018000000000000002
0.00200692,-0.0014
0.00200696,-0.0002
0.002007,0.0008
0.00200704,0.0012000000000000001
0.00200708,0.0
0.00200712,-0.0006000000000000001
0.00200716,-0.0008
0.0020072,-0.0006000000000000001
0.00200724,0.001
0.00200728,0.0004
0.00200732,0.0008
0.00200736,0.0006000000000000001
0.0020074,-0.0006000000000000001
0.00200744,-0.0004
0.00200748,0.0
0.00200752,0.0008
0.0020075600000000002,0.001
0.0020076,0.0
0.00200764,-0.0004
0.00200768,-0.0002
0.00200772,-0.0004
0.00200776,0.0016
0.0020078,0.0014
0.00200784,0.0006000000000000001
0.00200788,-0.0004
0.00200792,-0.0028
0.00200796,-0.0012000000000000001
0.0020080000000000002,0.0012000000000000001
0.00200804,0.0018000000000000002
0.00200808,0.0016
0.00200812,-0.001
0.00200816,-0.0006000000000000001
0.0020082,-0.0004
0.00200824,0.001
0.00200828,0.0006000000000000001
0.00200832,-0.0008
0.00200836,-0.0026000000000000003
0.0020084,-0.0018000000000000002
0.0020084400000000002,-0.0006000000000000001
0.00200848,0.0016
0.00200852,0.001
0.00200856,0.001
0.0020086,0.0004
0.00200864,-0.0002
0.00200868,0.0
0.00200872,-0.0004
0.00200876,-0.0006000000000000001
0.0020088,-0.0002
0.00200884,-0.0004
0.00200888,-0.0002
0.00200892,-0.0012000000000000001
0.00200896,-0.002
0.002009,0.0004
0.00200904,0.0002
0.00200908,-0.001
0.00200912,-0.0018000000000000002
0.00200916,-0.003
0.0020092,-0.001
0.00200924,0.0002
0.00200928,0.0012000000000000001
0.00200932,-0.0004
0.00200936,-0.0024000000000000002
0.0020094,-0.002
0.00200944,0.0002
0.00200948,0.0006000000000000001
0.00200952,0.0008
0.00200956,-0.0008
0.0020096,-0.0012000000000000001
0.00200964,-0.0006000000000000001
0.0020096800000000002,0.0
0.00200972,0.001
0.00200976,0.0008
0.0020098,0.0002
0.00200984,0.0002
0.00200988,0.0004
0.00200992,0.001
0.00200996,0.0006000000000000001
