1763346841,0000000400000004,1594876483,343,568
1763346842,0000008000000008,1606691491,4678,569
1763346854,0000000400000001,1721369621,2998,570
1763346854,0000000400000008,1728284790,2552,571
1763346855,0000008000000080,1736266979,2038,572
1763346862,0000004000000001,1804130504,3221,573
1763346868,0000008000000080,1868055160,4562,574
1763346873,0000004000000004,1914753758,1620,575
1763346881,0000000800000008,1990857333,2341,576
1763346886,0000000400000004,2042123870,4491,577
1763346889,0000000800000004,2078157116,2289,578
1763346891,0000000800000008,2091260440,1353,579
1763346894,0000000100000001,2127949792,4527,580
1763346903,0000000100000001,2210261363,4755,581
1763346907,0000004000000002,2252969933,2170,582
1763346917,0000004000000001,2357294719,1011,583
1763346922,0000000400000004,2399177909,3820,584
1763346928,0000008000000004,2467728056,4975,585
1763346934,0000004000000002,2524176617,1546,586
1763346935,0000000100000001,2529076892,1228,587
1763346937,0000008000000080,2550505479,5269,588
1763346937,0000000100000001,2552119523,5164,589
1763346941,000000c000000080,2590469831,2909,590
1763346950,0000004000000008,2679707082,2790,591
1763346958,0000000800000080,2763754314,2993,592
1763346962,0000004000000080,2800086649,792,593
1763346965,0000000800000080,2832592110,4068,594
1763346968,0000004000000002,2859805805,2466,595
1763346968,000000c000000080,2861792924,2342,596
1763346977,0000000800000008,2949459772,2319,597
1763346985,0000004000000002,3038266040,2219,598
1763346986,0000000800000004,3046429003,1720,599
1763347001,0000000100000008,3194178806,3325,600
1763347018,0000000400000080,3362455912,3652,601
1763347027,0000000800000080,3457974173,3149,602
1763347065,0000008000000004,3831942164,1587,603
1763347069,0000000400000080,3874395138,4254,604
1763347082,0000000400000001,4001444084,1885,605
1763347082,0000000100000001,4005445852,1646,606
1763347092,0000004000000080,4106224083,825,607
1763347093,0000000100000001,4116839330,202,608
1763347113,0000004000000008,4314006830,4140,609
1763347117,0000004000000002,4357581340,1538,610
1763347126,0000000400000002,4442625142,1757,611
1763347128,000000c000000080,4466773142,316,612
1763347129,0000000100000004,4469478771,162,613
1763347134,0000008000000080,4521431138,2513,614
1763347140,0000004000000008,4584715405,4418,615
1763347142,0000000100000002,4607482347,3101,616
1763347154,0000000800000004,4723674363,1673,617
1763347163,0000000400000008,4817308182,3113,618
1763347164,0000000800000008,4825272270,2630,619
1763347185,0000000200000001,5032087507,587,620
1763347187,0000000100000001,5050798017,4648,621
1763347189,0000000400000004,5076105146,3145,622
1763347207,0000000400000008,5251867946,2974,623
1763347208,0000000800000004,5263033573,2291,624
1763347238,0000008000000080,5562963929,5031,625
1763347238,0000000100000001,5563291507,5011,626
1763347239,0000000400000002,5575321707,4304,627
1763347249,0000000100000004,5677619986,3354,628
1763347255,0000000800000002,5733448827,5175,629
1763347256,0000000400000008,5747252635,4359,630
1763347260,0000000800000002,5782606641,2233,631
1763347263,0000008000000080,5810861072,538,632
1763347263,0000000300000001,5815302381,270,633
1763347266,0000008000000088,5842840546,3806,634
1763347290,0000000400000001,6086745622,4724,635
1763347294,0000000400000001,6126921415,2313,636
1763347298,0000008000000080,6167838000,5042,637
1763347300,0000008000000004,6182083266,4200,638
1763347306,0000000100000003,6246256424,344,639
1763347311,0000004000000080,6294793347,2625,640
1763347315,0000000400000004,6333424328,298,641
1763347317,0000008000000008,6353785134,4270,642
1763347317,0000008000000080,6357018233,4074,643
1763347322,0000008000000002,6406042429,1120,644
1763347336,0000004000000080,6540309328,3464,645
1763347341,0000000100000001,6596772421,5236,646
1763347342,0000000100000001,6598789269,5113,647
1763347342,0000000100000001,6599965398,5043,648
1763347348,0000000800000001,6658947899,1509,649
1763347348,0000004000000001,6668055518,955,650
1763347354,0000000400000004,6721179964,2976,651
1763347356,0000000800000001,6741940094,1718,652
1763347364,0000000100000004,6822917471,2042,653
1763347370,0000008000000080,6880437544,3781,654
1763347371,0000008000000080,6897638247,2758,655
1763347389,0000000400000001,7075334725,2460,656
1763347409,0000000100000080,7271003355,1078,657
1763347411,0000008000000080,7288895199,5192,658
1763347442,0000000800000001,7600421663,2060,659
1763347459,0000008000000080,7773995761,2014,660
1763347463,0000008000000080,7814595226,4758,661
1763347464,0000000800000001,7819615912,4469,662
1763347469,000000c000000002,7876602007,1036,663
1763347479,0000008000000002,7970834507,573,664
1763347493,0000004000000001,8110602757,2565,665
1763347499,0000008000000004,8173167965,3994,666
1763347506,0000000400000008,8240404916,5134,667
1763347514,0000000100000001,8324736637,5261,668
1763347519,0000008000000080,8376129070,2180,669
1763347522,0000004000000080,8401863925,634,670
1763347529,0000000100000080,8476672014,1328,671
1763347534,0000000800000001,8522956674,3746,672
1763347575,0000000800000004,8931980286,5117,673
1763347577,0000008000000001,8954440569,3780,674
1763347578,0000000100000001,8967625785,2999,675
1763347580,0000008100000002,8983232715,2047,676
1763347586,0000008000000002,9044240803,3577,677
1763347589,0000008000000080,9076883531,1615,678
1763347595,0000000200000080,9137148310,3195,679
1763347619,0000000100000003,9370973007,4705,680
1763347619,0000000500000001,9376854958,528,681
1763347633,0000000800000001,9512439715,1399,682
1763347637,0000004000000001,9554188487,4088,683
1763347662,0000008000000080,9801062746,4816,684
1763347681,0000008000000001,9989399949,3892,685
1763347683,0000004000000008,10008996255,2723,686
1763347688,0000008000000002,10067362904,4400,687
1763347714,0000000800000008,10318747085,4858,688
1763347714,0000008000000080,10325936474,4437,689
1763347718,0000008000000084,10368425925,1882,690
1763347725,0000008000000080,10434535752,3110,691
1763347733,0000000400000080,10513318958,3558,692
1763347756,000000080000000c,10745280408,5185,693
1763347778,0000000200000004,10960990596,2621,694
1763347788,0000008000000002,11063800558,1628,695
1763347799,0000004000000008,11176212834,5245,696
1763347799,0000000800000001,11177293679,5180,697
1763347800,000000c000000080,11184912009,4722,698
1763347800,0000000100000001,11186414477,4635,699
1763347802,0000000800000001,11200122065,3814,700
1763347808,0000000100000004,11263096022,5213,701
1763347820,0000000200000080,11380886754,3481,702
1763347822,0000000500000009,11408172253,1697,703
1763347830,0000008000000080,11479863662,2584,704
1763347834,0000000800000008,11525045462,5045,705
1763347842,0000000200000001,11599465191,582,706
1763347844,0000004000000080,11619660340,4557,707
1763347858,0000000800000004,11763190826,1120,708
1763347867,0000000400000080,11850907609,1038,709
1763347868,0000000400000080,11858859246,567,710
1763347873,0000000100000002,11917323398,2242,711
1763347874,0000008000000080,11923890180,1852,712
1763347895,0000000400000008,12134340635,4768,713
1763347897,0000004000000008,12156424865,3484,714
1763347901,0000000400000006,12191440138,1343,715
1763347901,0000008000000001,12192059354,1305,716
1763347903,0000000800000004,12213672665,5191,717
1763347903,0000008000000008,12216004039,5050,718
1763347904,0000000100000004,12219759792,4825,719
1763347906,0000008000000004,12239494112,3648,720
1763347908,000000400000008c,12258904377,2485,721
1763347911,0000008000000008,12291144734,545,722
1763347932,0000000100000008,12505953798,3218,723
1763347933,0000000400000002,12514700235,2692,724
1763347938,0000000400000008,12564866042,4852,725
1763347941,0000004000000008,12594150117,3111,726
1763347943,0000000800000008,12618449192,1642,727
1763347954,0000000400000001,12726562119,336,728
1763347972,0000008000000080,12906723811,5070,729
1763347974,0000000800000004,12926410827,3896,730
1763347990,0000000800000004,13082761859,4874,731
1763347994,0000008000000080,13118547267,2745,732
1763348008,0000000800000080,13265601589,4284,733
1763348033,0000008000000080,13508865562,5228,734
1763348043,0000000400000080,13615983992,3991,735
1763348048,0000008000000008,13663770355,1114,736
1763348051,0000008000000080,13698283240,4240,737
1763348054,0000000100000004,13724088282,2695,738
1763348054,0000000100000002,13724622440,2662,739
1763348057,0000008000000001,13752599192,968,740
1763348058,0000000800000080,13759667652,549,741
1763348060,0000000800000002,13782614655,4364,742
1763348063,0000000800000080,13811673718,2621,743
1763348063,0000000100000003,13813140089,2532,744
1763348068,0000000100000008,13859877322,4901,745
1763348071,0000000100000002,13893316209,2912,746
1763348076,0000000400000001,13944150338,5026,747
1763348079,0000008000000080,13978227048,3001,748
1763348084,0000000400000008,14026474147,5274,749
1763348085,0000000100000001,14032897888,4887,750
1763348086,0000000800000002,14038440440,4563,751
1763348094,0000000100000080,14127253459,4421,752
1763348114,0000008000000080,14320356638,3210,753
1763348124,0000008000000080,14418812458,2481,754
1763348132,0000008000000001,14507207988,2646,755
1763348139,0000008000000002,14570896811,4007,756
1763348144,0000004000000008,14628280079,553,757
1763348145,0000000400000001,14636237133,5258,758
1763348147,0000000800000001,14649065864,4504,759
1763348153,0000000400000002,14715621714,502,760
1763348159,000000800000000a,14769575703,2458,761
1763348163,0000000100000001,14813329782,5006,762
1763348174,0000008000000001,14923542751,3585,763
1763348177,0000000100000001,14950295421,1981,764
1763348186,0000004000000008,15042005119,1666,765
1763348189,0000000400000002,15072732591,4996,766
1763348197,0000000400000004,15150011522,364,767
1763348201,0000000100000008,15192746502,2997,768
1763348201,0000000800000008,15194188766,2911,769
1763348202,0000008400000080,15205421149,2221,770
1763348207,0000000800000001,15258118683,4250,771
1763348215,0000000800000008,15332489208,4960,772
1763348224,000000c000000080,15421225862,4820,773
1763348233,0000004000000002,15514146631,4437,774
1763348243,0000000800000080,15609942735,3863,775
1763348255,0000008000000080,15730730146,1806,776
1763348262,0000004000000080,15800530836,2809,777
1763348262,0000000400000002,15805519792,2503,778
1763348267,0000008000000004,15851940825,4892,779
1763348294,0000000400000008,16121875664,4250,780
1763348298,0000000400000004,16162497585,1814,781
1763348316,0000004000000002,16340995366,1466,782
1763348322,0000000800000080,16406100037,2752,783
1763348327,0000008000000081,16452486937,5138,784
1763348348,0000008000000080,16662309356,2927,785
1763348361,0000000100000004,16796600737,5221,786
1763348363,0000000400000001,16810070893,4418,787
1763348367,0000004000000004,16854356750,1762,788
1763348371,0000008000000080,16897243394,4370,789
1763348396,0000004000000080,17145072035,5040,790
1763348400,0000008000000002,17182618114,2803,791
1763348402,0000000800000001,17202231601,1618,792
1763348402,0000008000000080,17204120650,1503,793
1763348404,0000000100000008,17221936504,431,794
1763348409,0000000100000002,17276912256,2313,795
1763348410,0000000800000008,17279637960,2151,796
1763348425,0000000100000008,17437307122,3066,797
1763348436,0000000800000004,17547060626,1657,798
1763348453,0000000100000001,17708359388,2338,799
1763348453,0000000400000004,17712872868,2068,800
1763348466,0000000400000002,17839145341,4851,801
1763348466,0000000100000003,17847055545,4384,802
1763348470,0000004000000001,17880328108,2384,803
1763348477,0000000100000003,17957943083,2920,804
1763348479,0000004000000080,17971851625,2076,805
1763348481,0000000100000004,17991889911,867,806
1763348508,0000000100000003,18265351778,5192,807
1763348510,0000004000000004,18279440569,4351,808
1763348517,0000000100000001,18354920408,4997,809
1763348531,0000000400000001,18491488853,1990,810
1763348538,0000000400000008,18561348517,2990,811
1763348539,0000000400000002,18572044676,2337,812
1763348539,000000c000000080,18574838230,2170,813
1763348547,0000000400000002,18654077218,2605,814
1763348549,0000000800000080,18676540500,1247,815
1763348552,000000800000000c,18705868098,4671,816
1763348570,0000008000000004,18886305699,4211,817
1763348573,0000008000000080,18910216196,2785,818
1763348573,0000004000000080,18916894646,2373,819
1763348582,0000000400000002,18999344389,2615,820
1763348585,0000000100000001,19031863491,655,821
1763348587,0000000800000002,19051987943,4632,822
1763348596,0000008000000004,19139820417,4546,823
1763348602,0000000800000008,19207688949,472,824
1763348603,0000000100000008,19217710385,5050,825
1763348607,0000000100000002,19253656997,2908,826
1763348608,0000000100000001,19259674902,2539,827
1763348617,0000000800000080,19357072914,1877,828
1763348621,0000000400000001,19397421847,4635,829
1763348632,0000004000000004,19501269410,3583,830
1763348639,0000008000000001,19569217678,4689,831
1763348639,0000000400000008,19575498427,4317,832
1763348641,0000000400000080,19597540485,3004,833
1763348642,0000000400000080,19605259728,2533,834
1763348644,0000008000000008,19625350494,1321,835
1763348673,0000004000000080,19912825870,4799,836
1763348686,0000000100000003,20042287617,2215,837
1763348690,0000000400000001,20087149070,4704,838
1763348693,000000c000000080,20111841639,3233,839
1763348700,0000008000000001,20184802721,4025,840
1763348701,0000000400000080,20194865352,3484,841
1763348701,0000000100000004,20196743453,3317,842
1763348704,0000000800000001,20218409924,2014,843
1763348708,0000004000000006,20260095904,4693,844
1763348710,0000008000000080,20284534093,3234,845
1763348714,0000000400000080,20325916970,740,846
1763348717,0000000800000001,20352752629,4319,847
1763348724,0000008000000080,20419975995,283,848
1763348728,0000000100000005,20461589300,2978,849
1763348737,0000000100000003,20550149900,2847,850
1763348740,0000000100000080,20582702155,878,851
1763348744,0000000800000001,20624317423,3565,852
1763348747,0000000100000009,20649957898,2030,853
1763348748,0000004800000002,20660138258,1419,854
1763348750,0000004000000008,20685065888,5103,855
1763348764,0000000800000002,20820174976,2180,856
1763348773,0000008000000002,20911108788,1910,857
1763348785,0000008000000080,21031551252,5041,858
1763348800,0000004000000008,21182807816,1147,859
1763348801,0000000100000008,21193944753,482,860
1763348807,0000004000000001,21254363882,2039,861
1763348809,0000000100000080,21274214192,843,862
1763348813,0000004000000004,21311211658,3805,863
1763348821,0000000200000001,21395484811,3930,864
1763348822,0000008000000080,21406291823,3292,865
1763348836,0000000100000001,21546122945,5260,866
1763348852,0000004000000080,21706729462,802,867
1763348864,0000000400000008,21822844689,4204,868
1763348889,0000000100000001,22076315169,4543,869
1763348891,0000008000000004,22090812282,3667,870
1763348899,0000004000000004,22174592728,3822,871
1763348902,0000000400000001,22200995481,2242,872
1763348907,0000008000000080,22248830098,4556,873
1763348911,0000000400000008,22289627729,2106,874
1763348919,0000000100000004,22375376934,2143,875
1763348919,0000000200000004,22375881188,2112,876
1763348927,0000008000000080,22457870020,2376,877
1763348949,0000008000000008,22668656138,5274,878
1763348950,0000000800000004,22687127197,4166,879
1763348961,0000000400000003,22794279986,2929,880
1763348962,0000000800000008,22799188538,2632,881
1763348965,0000000100000001,22837978647,296,882
1763348973,0000000100000080,22915313354,834,883
1763348995,0000000100000002,23133517452,3297,884
1763349004,0000000100000004,23225791780,2948,885
1763349007,0000008000000004,23248607898,1572,886
1763349010,0000000100000004,23279055182,4921,887
1763349010,0000004000000080,23279732662,4880,888
1763349011,0000008000000080,23290295530,4251,889
1763349021,0000004000000001,23397109873,3031,890
1763349032,0000004000000004,23498493990,2121,891
1763349036,0000000200000001,23540233261,4796,892
1763349042,0000004000000080,23606449048,821,893
1763349050,0000004000000002,23679548719,1626,894
1763349074,0000008000000080,23927474434,2291,895
1763349079,0000000100000002,23974161686,4671,896
1763349085,0000000100000004,24035292751,998,897
1763349091,0000000100000001,24089973002,2916,898
1763349095,0000000100000003,24132214788,372,899
1763349101,0000008000000004,24189821291,2098,900
1763349109,0000004000000080,24275520701,2137,901
1763349114,0000000400000008,24320208608,4636,902
1763349120,0000000100000008,24379773235,1058,903
1763349129,0000000400000080,24477486986,384,904
1763349137,0000000400000001,24549741948,1227,905
1763349140,0000008000000001,24586826409,4188,906
1763349171,0000000400000080,24897761649,1071,907
1763349181,0000004000000080,24990079669,717,908
1763349193,0000008000000080,25114812372,3597,909
1763349195,0000000100000002,25136369104,2306,910
1763349207,000000c000000080,25256000366,305,911
1763349210,0000004000000001,25282498689,3899,912
1763349217,0000000100000002,25353889097,4799,913
1763349226,0000000100000006,25438168859,4925,914
1763349227,0000000800000001,25449012486,4279,915
1763349227,0000004000000001,25452949623,4037,916
1763349242,0000000400000008,25598373584,497,917
1763349247,0000000100000008,25651191226,2513,918
1763349247,000000c000000080,25654575892,2306,919
1763349255,0000000100000003,25735011078,2671,920
1763349260,000000c000000080,25781150242,5074,921
1763349265,0000000100000001,25830044107,2143,922
1763349281,0000000400000004,25996062708,2551,923
1763349291,0000000100000001,26091330716,2014,924
1763349291,0000000100000080,26095092835,1791,925
1763349294,0000008000000080,26124161194,5224,926
1763349296,0000000100000080,26141134385,4207,927
1763349302,0000008000000080,26205439079,349,928
1763349309,0000004000000001,26274394033,1392,929
1763349324,000000c000000001,26422565857,2877,930
1763349335,0000000400000080,26533260135,1407,931
1763349335,0000008000000080,26535638061,1261,932
1763349340,0000000100000004,26582144994,3650,933
1763349342,0000008000000080,26599580613,2618,934
1763349342,0000004000000080,26599871031,2599,935
1763349357,0000004000000006,26748540229,4034,936
1763349374,0000000100000004,26918655357,4195,937
1763349392,0000000100000001,27106800168,3276,938
1763349394,0000000100000002,27126512681,2089,939
1763349398,0000008000000002,27160416197,5235,940
1763349409,0000000100000080,27269947548,3839,941
1763349409,0000008000000002,27277263952,3493,942
1763349422,0000004000000080,27406713422,818,943
1763349428,000000c000000080,27466442432,2422,944
1763349429,0000000100000003,27473529033,1998,945
1763349440,0000008000000080,27587392856,348,946
1763349441,0000008000000080,27590174608,178,947
1763349441,0000008000000080,27591006507,5311,948
1763349441,0000000800000001,27597563164,4914,949
1763349446,0000000100000001,27639116286,2426,950
1763349453,0000008000000003,27712773578,3197,951
1763349455,0000000400000004,27733750898,1934,952
1763349460,0000000400000002,27781030585,4277,953
1763349463,0000008000000080,27811379929,2457,954
1763349481,0000000100000002,27995593469,1773,955
1763349484,0000008000000008,28024052382,5241,956
1763349494,0000000100000004,28120788968,4621,957
1763349498,0000000100000001,28166830492,1862,958
1763349500,0000000200000080,28179882506,1069,959
1763349500,0000000100000080,28187934041,592,960
1763349501,0000000200000001,28191950611,352,961
1763349505,0000000400000080,28237323772,2821,962
1763349506,0000000400000080,28243930331,2415,963
1763349508,0000004000000004,28266211214,1073,964
1763349519,0000000800000002,28377364544,4773,965
1763349545,0000008000000080,28637991055,4686,966
1763349552,0000000100000080,28698659451,1042,967
1763349559,0000004000000002,28774458637,1688,968
1763349565,0000004000000001,28837490405,3096,969
1763349571,0000008000000004,28893860737,4884,970
1763349572,0000008000000002,28904135047,4272,971
1763349581,0000004000000002,28989336146,4346,972
1763349593,0000000400000004,29109502129,2319,973
1763349593,0000000800000008,29111712954,2186,974
1763349597,0000000100000000,29153486368,570,975
1763349599,0000000100000002,29171742399,5025,976
1763349605,0000004000000002,29237537229,1403,977
1763349610,0000008000000004,29285876879,8102,978
1763349614,0000008000000080,29326819033,1624,979
1763349619,0000008000000080,29371967439,4528,980
1763349622,0000000100000001,29398405968,3016,981
1763349622,0000000800000001,29407314093,2481,982
1763349632,0000000400000008,29502029926,2285,983
1763349644,0000008000000080,29620931623,568,984
1763349664,0000000300000001,29826054787,4248,985
1763349671,0000008000000080,29894896087,215,986
1763349678,0000000800000004,29967605135,2570,987
1763349682,0000000100000004,30004885379,355,988
1763349687,0000004000000080,30048128186,2949,989
1763349687,0000000100000001,30051376343,2752,990
1763349687,0000008000000080,30053600276,2617,991
1763349689,0000004000000085,30069993299,1628,992
1763349692,0000008000000080,30098423944,5111,993
1763349707,0000008000000008,30248229446,1297,994
1763349712,0000001000000010,30305056419,3113,995
1763349719,0000000300000001,30370113952,4395,996
1763349721,0000008000000001,30397604603,2781,997
1763349727,0000000100000001,30454889526,4644,998
1763349729,0000008000000002,30469589948,3759,999
1763349733,0000000400000080,30511147311,1310,1000
1763349734,0000000100000008,30518478881,866,1001
1763349743,0000000200000002,30610892683,535,1002
1763349743,0000000100000008,30611332678,511,1003
1763349749,0000000800000002,30673064534,2005,1004
1763349762,0000000800000002,30798909201,4832,1005
1763349775,0000008000000004,30928026572,2277,1006
1763349786,0000008000000002,31040443268,710,1007
1763349793,0000004000000080,31108099903,1854,1008
1763349799,0000000800000008,31176301679,2962,1009
1763349809,0000000400000002,31268194763,2644,1010
1763349833,0000000800000004,31508279405,3969,1011
1763349836,0000000100000008,31542485441,1987,1012
1763349848,0000000800000008,31667747182,4901,1013
1763349853,0000004000000001,31717710477,1924,1014
1763349856,0000000400000004,31740451337,564,1015
1763349859,0000008000000080,31776182978,3611,1016
1763349866,0000000100000008,31844404902,4750,1017
1763349874,0000000100000001,31924882418,5263,1018
1763349883,0000008000000080,32012129186,201,1019
1763349889,0000000300000001,32072629655,3022,1020
1763349897,0000000400000004,32148621262,4513,1021
1763349901,0000004000000080,32189317417,2118,1022
1763349906,0000008000000008,32239656002,4449,1023
1763349906,0000008000000002,32241109414,4364,1024
1763349912,0000000400000008,32305862060,521,1025
1763349935,0000000100000080,32536771019,2732,1026
1763349940,0000000100000001,32583814000,5241,1027
1763349940,0000000400000004,32585537642,5170,1028
1763349943,0000000800000001,32612731661,4584,1029
1763349946,0000000200000004,32647147108,2563,1030
1763349955,0000000100000002,32733740921,2580,1031
1763349957,0000004000000008,32752549797,1419,1032
1763349958,0000008000000002,32761989829,858,1033
1763349970,0000008000000002,32882808180,4165,1034
1763349975,0000000400000008,32935632251,1167,1035
1763349978,0000000400000002,32960810549,4868,1036
1763349996,0000004000000080,33139904053,4553,1037
1763350018,0000004000000002,33357956369,2185,1038
1763350027,0000000100000001,33449693516,2153,1039
1763350027,0000008000000080,33449818184,2147,1040
1763350031,0000000100000001,33492418806,4828,1041
1763350047,0000004000000002,33653610263,2523,1042
1763350051,0000000100000001,33695364335,5293,1043
1763350053,0000008000000001,33715478310,4136,1044
1763350081,0000008000000008,33990569736,3673,1045
1763350081,0000000200000080,33994422255,3454,1046
1763350086,0000000800000004,34046804734,367,1047
1763350089,0000000800000004,34072817151,4701,1048
1763350089,0000000800000002,34076094150,4685,1049
1763350094,0000000400000008,34122627914,2644,1050
1763350104,0000000400000002,34225936456,1701,1051
1763350113,0000000800000004,34315947997,1535,1052
1763350116,0000000800000004,34343830089,5052,1053
1763350120,0000000800000088,34386166847,2615,1054
1763350122,0000000400000001,34400889212,1731,1055
1763350125,0000000800000008,34431047318,5116,1056
1763350126,0000000100000001,34444562621,4310,1057
1763350131,0000008000000008,34497418402,1301,1058
1763350142,0000004000000001,34602745625,565,1059
1763350160,0000000800000004,34779606112,2542,1060
1763350162,0000000400000001,34799311257,1373,1061
1763350168,0000000100000001,34860471826,3004,1062
1763350175,0000000800000001,34928519528,4204,1063
1763350183,0000000100000007,35008014698,4745,1064
1763350186,0000008000000004,35047377597,2570,1065
1763350188,0000004400000002,35058368491,1927,1066
1763350189,0000000100000001,35074236591,1000,1067
1763350193,0000000100000008,35111721246,4602,1068
1763350194,0000008000000080,35119111337,4549,1069
1763350198,0000000400000004,35162826381,2923,1070
1763350201,0000008000000080,35192898361,1111,1071
1763350213,0000000100000080,35317550970,4270,1072
1763350217,0000004000000080,35350140525,3236,1073
1763350238,0000008000000001,35562993433,2449,1074
1763350240,0000008000000080,35579963860,1453,1075
1763350247,0000000800000008,35653193618,2341,1076
1763350251,0000000400000004,35694070825,5129,1077
1763350255,0000000100000008,35731349392,3073,1078
1763350272,0000008000000080,35902898322,5298,1079
1763350275,0000000400000001,35933840381,3592,1080
1763350286,0000000800000004,36046900822,3983,1081
1763350293,0000008000000080,36112270931,260,1082
1763350294,0000000100000001,36123296920,4864,1083
1763350295,0000004000000004,36131096591,4449,1084
1763350308,0000000100000001,36266070567,1859,1085
1763350313,0000008000000008,36309347488,4599,1086
1763350315,0000000100000004,36334201836,3229,1087
1763350324,0000000800000001,36421350750,4153,1088
1763350344,0000000400000008,36627172274,683,1089
1763350346,0000000800000002,36645754265,4806,1090
1763350351,0000000100000001,36696751712,1818,1091
1763350376,0000000400000003,36940681318,4659,1092
1763350382,0000000100000001,37001525478,2152,1093
1763350396,0000000100000004,37138443183,1125,1094
1763350398,0000000800000001,37165020799,4856,1095
1763350403,0000000400000001,37213484215,2108,1096
1763350427,0000000400000001,37457565875,5273,1097
1763350431,0000000800000002,37492615065,3246,1098
1763350436,0000008400000080,37546536614,5205,1099
1763350452,0000008000000008,37701125502,3886,1100
1763350454,0000008000000080,37718105474,2914,1101
1763350468,0000004000000001,37861585492,4846,1102
1763350470,0000008000000002,37886133322,3508,1103
1763350478,0000000400000080,37963933826,4214,1104
1763350510,0000000400000001,38283990182,4998,1105
1763350540,0000000400000001,38581279292,257,1106
1763350549,0000008000000080,38674011561,5213,1107
1763350550,0000000100000003,38680093669,4856,1108
1763350558,0000000400000008,38767676924,2130,1109
1763350559,0000000100000002,38775724898,1669,1110
1763350562,0000000200000001,38806752190,5055,1111
1763350570,0000000100000001,38886246120,379,1112
1763350574,0000000100000001,38921204008,3721,1113
1763350582,0000008000000080,38999341870,4687,1114
1763350596,0000000100000008,39139247421,714,1115
1763350598,0000000100000080,39158421475,4865,1116
1763350600,0000008800000080,39184984854,3549,1117
1763350611,0000000400000002,39291585681,4346,1118
1763350613,0000004000000008,39308252761,3516,1119
1763350618,0000008000000080,39362329011,286,1120
1763350641,0000000100000002,39595382649,4892,1121
1763350644,0000008000000004,39625845248,4086,1122
1763350663,0000004000000001,39808320457,2186,1123
1763350663,0000004000000080,39810142907,2081,1124
1763350663,0000004000000004,39812605975,1936,1125
1763350671,0000000100000008,39889552425,2860,1126
1763350672,0000000800000002,39906314782,1929,1127
1763350678,0000000200000002,39960230793,4420,1128
1763350686,0000008000000002,40041119120,3919,1129
1763350691,0000000800000001,40088614932,1040,1130
1763350693,0000000400000004,40113599326,4863,1131
1763350698,0000000400000002,40166734315,1720,1132
1763350704,0000000900000001,40220492565,4393,1133
1763350708,0000008000000080,40264369187,4357,1134
1763350717,0000000100000008,40354874171,715,1135
1763350718,0000000800000001,40360202008,407,1136
1763350720,0000008000000080,40379088321,4703,1137
1763350721,0000008000000004,40388705664,4141,1138
1763350738,000000c000000080,40558238040,4330,1139
1763350742,0000008000000008,40606763163,1390,1140
1763350760,0000004000000002,40787069011,4133,1141
1763350765,0000008000000080,40832375370,3020,1142
1763350780,0000008000000080,40979267311,5076,1143
1763350788,0000000400000004,41061647782,358,1144
1763350791,0000000800000001,41097375349,4976,1145
1763350794,0000000400000002,41127484995,4970,1146
1763350796,0000008c00000002,41144144326,4961,1147
1763350806,0000008000000008,41247053724,4780,1148
1763350814,0000000100000004,41327437526,240,1149
1763350815,0000000100000001,41327714607,229,1150
1763350815,0000008000000080,41332298452,5246,1151
1763350828,000000c000000080,41466314721,2051,1152
1763350829,0000000100000001,41467899292,1956,1153
1763350833,0000000800000001,41511880322,4619,1154
1763350836,0000000100000001,41545912702,2768,1155
1763350845,0000004000000008,41635474645,5239,1156
1763350850,0000008000000004,41681810262,4879,1157
1763350853,0000004000000001,41709687588,3248,1158
1763350853,0000000100000001,41715309015,2928,1159
1763350853,0000008000000080,41715699736,2906,1160
1763350861,0000008800000001,41793471401,4939,1161
1763350866,0000000400000008,41844296723,4917,1162
1763350873,0000004000000008,41911349560,1754,1163
1763350874,0000000100000008,41927634251,784,1164
1763350876,0000008000000080,41944995505,5294,1165
1763350877,0000000100000001,41956741452,5305,1166
1763350892,0000000400000080,42101362484,912,1167
1763350900,0000000100000001,42185911052,340,1168
1763350904,0000004000000004,42225938563,3854,1169
1763350907,0000000100000001,42250417340,2594,1170
1763350919,0000004000000080,42369599706,374,1171
1763350924,0000000400000005,42426971509,2876,1172
1763350925,0000000400000001,42435987345,2362,1173
1763350929,0000000800000004,42473551122,1080,1174
1763350932,0000008000000080,42502556197,715,1175
1763350933,0000000400000080,42509613149,672,1176
1763350938,0000000100000001,42559302902,4655,1177
1763350944,0000008000000080,42625126128,2583,1178
1763350944,0000000400000002,42626216862,2516,1179
1763350955,0000000100000008,42735278331,4578,1180
1763350963,0000008000000080,42817546767,1886,1181
1763350973,0000008000000001,42916499344,4674,1182
1763350982,0000000100000002,42997950846,2323,1183
1763350993,0000000400000001,43114963166,4450,1184
1763350997,0000008000000080,43154669807,3198,1185
1763351004,0000008000000080,43226869440,502,1186
1763351023,0000000100000001,43412729434,198,1187
1763351024,0000008000000080,43422814551,4892,1188
1763351026,0000000800000008,43442187473,4591,1189
1763351027,0000004000000008,43452463455,4592,1190
1763351032,0000000200000008,43503115285,3144,1191
1763351044,0000004000000002,43627414927,4608,1192
1763351054,0000004000000080,43721596635,717,1193
1763351061,0000000300000001,43793177965,4718,1194
1763351077,0000000100000006,43955744560,4743,1195
1763351085,0000000100000001,44033399904,2667,1196
1763351092,0000002000000040,44105601002,162,1197
1763351094,0000000100000001,44122261026,4698,1198
1763351094,0000008000000008,44127318778,4691,1199
1763351109,0000008000000080,44276952148,339,1200
1763351112,0000008000000080,44306088793,4945,1201
1763351113,0000000400000002,44314816085,4947,1202
1763351117,0000004000000002,44352528249,4847,1203
1763351118,0000000800000002,44358410406,4842,1204
1763351121,0000000400000004,44397102684,4833,1205
1763351122,0000000400000002,44405298815,4832,1206
1763351137,0000004000000080,44556907421,4684,1207
1763351139,0000000800000080,44573748895,4678,1208
1763351150,0000000100000080,44682430802,663,1209
1763351164,0000000400000008,44819489283,4956,1210
1763351169,0000000200000001,44867736571,4791,1211
1763351176,0000000100000004,44944355009,4679,1212
1763351176,0000000800000008,44946782233,4667,1213
1763351179,0000000100000008,44971535817,3525,1214
1763351189,0000000100000001,45074674798,4965,1215
1763351195,0000000800000008,45135187173,4833,1216
1763351197,0000008800000002,45157164380,4831,1217
1763351205,0000000100000004,45237422838,3168,1218
1763351207,0000000100000002,45252597079,2248,1219
1763351217,0000008000000008,45357412416,5064,1220
1763351220,0000000400000008,45384806873,5036,1221
1763351225,0000000800000004,45427937885,5039,1222
1763351225,0000004000000004,45432744653,5040,1223
1763351237,0000008000000080,45548612257,4839,1224
1763351238,0000008000000004,45563741573,4487,1225
1763351258,0000004000000080,45764939762,5216,1226
1763351263,000000c000000080,45811660010,5093,1227
1763351284,0000008000000080,46022207034,2904,1228
1763351288,0000000100000004,46061706366,525,1229
1763351297,0000000100000004,46148987119,493,1230
1763351301,0000000400000080,46191621505,3175,1231
1763351304,0000000800000002,46226735426,1443,1232
1763351312,0000008000000080,46301677014,4981,1233
1763351332,0000004000000080,46502017185,5289,1234
1763351341,0000000800000080,46590180211,857,1235
1763351342,0000000800000080,46600173957,625,1236
1763351350,0000000400000080,46682964050,5137,1237
1763351356,0000004000000004,46746602434,5057,1238
1763351358,0000000400000008,46759942304,5044,1239
1763351363,0000000400000004,46809507064,2454,1240
1763351374,0000000100000080,46920470362,981,1241
1763351374,0000000100000001,46921568203,915,1242
1763351377,0000008000000080,46952015685,4283,1243
1763351391,0000000400000080,47096860003,350,1244
1763351400,0000000400000004,47179840913,274,1245
1763351408,0000000800000008,47264457259,183,1246
1763351413,0000000800000080,47308984742,5291,1247
1763351414,0000008000000080,47327327887,5284,1248
1763351420,0000008000000080,47385284397,5097,1249
1763351424,0000004000000080,47421185176,5037,1250
1763351433,0000000800000002,47509574910,1890,1251
1763351433,0000000400000004,47511936071,1749,1252
1763351436,0000000100000001,47540051813,5294,1253
1763351437,0000000400000080,47555154160,4400,1254
1763351440,0000000100000001,47584009500,2677,1255
1763351440,0000000800000002,47584019917,2676,1256
1763351452,0000008000000080,47705994386,391,1257
1763351456,0000000100000001,47740937114,345,1258
1763351458,0000008000000080,47764898889,346,1259
1763351459,0000000100000008,47776000046,320,1260
1763351461,0000000400000004,47796342166,274,1261
1763351473,0000008000000080,47911742086,5225,1262
1763351473,0000000800000008,47917513126,5225,1263
1763351481,0000000100000080,47995027711,3961,1264
1763351483,0000000400000004,48013945729,2844,1265
1763351490,0000000100000001,48085123456,3749,1266
1763351492,0000000100000001,48098450126,2967,1267
1763351496,0000000800000004,48139679678,486,1268
1763351500,0000000100000008,48182803406,3089,1269
1763351501,0000000400000002,48188950408,2726,1270
1763351508,0000000400000080,48257603774,3783,1271
1763351513,0000000100000004,48311066033,586,1272
1763351524,0000008000000080,48426808707,4019,1273
1763351534,0000000100000002,48523293372,322,1274
1763351536,0000000100000001,48542594883,322,1275
1763351538,0000000100000001,48566235531,291,1276
1763351541,0000008000000001,48588537140,4727,1277
1763351543,0000004100000080,48611449706,3359,1278
1763351545,0000000400000002,48632616242,2088,1279
1763351567,0000000400000004,48855611752,263,1280
1763351573,0000000100000003,48912751057,5177,1281
1763351576,0000008000000080,48939424511,4339,1282
1763351579,0000000100000001,48976805308,2103,1283
1763351584,0000004000000002,49020115062,4689,1284
1763351584,0000000800000001,49023016657,4518,1285
1763351593,0000000200000002,49108480401,4583,1286
1763351595,0000000400000080,49134097299,3059,1287
1763351596,0000000400000008,49146482879,2305,1288
1763351603,0000000800000004,49217157112,3320,1289
1763351609,0000000100000008,49274861611,860,1290
1763351613,0000002000000004,49307994809,317,1291
1763351618,0000004000000008,49367477736,4637,1292
1763351627,0000000100000004,49454711106,4598,1293
1763351630,0000000400000002,49487303115,2654,1294
1763351631,0000008000000080,49493444565,2280,1295
1763351631,0000004000000008,49494293818,2229,1296
1763351633,0000000800000002,49509969028,1296,1297
1763351633,0000008000000080,49517353508,864,1298
1763351634,0000004000000004,49517609723,850,1299
1763351637,0000004000000004,49550363433,4124,1300
1763351643,0000004000000080,49616013267,782,1301
1763351644,0000000400000080,49622515360,453,1302
1763351649,0000000100000008,49668188351,183,1303
1763351658,0000000400000004,49759006258,1905,1304
1763351660,0000000800000004,49783326296,445,1305
1763351665,0000008000000080,49835922835,2483,1306
1763351694,0000000400000002,50125331424,5192,1307
1763351698,0000000100000001,50166685508,3313,1308
1763351699,0000000400000080,50175380114,2799,1309
1763351708,0000000400000002,50264615012,2714,1310
1763351717,0000004000000080,50348690842,2927,1311
1763351719,0000008000000008,50370614810,1907,1312
1763351742,0000004000000080,50600964643,3272,1313
1763351747,0000000300000001,50649850574,397,1314
1763351749,0000004000000002,50675438390,4046,1315
1763351750,0000000100000004,50682640118,3616,1316
1763351751,0000004000000001,50688162198,3296,1317
1763351751,0000000100000001,50697424756,2754,1318
1763351757,0000000400000004,50754588169,249,1319
1763351760,0000000200000002,50784221663,222,1320
1763351783,0000000100000001,51016682382,4330,1321
1763351800,0000004000000004,51179224537,4518,1322
1763351807,0000000400000001,51250814336,498,1323
1763351810,0000000100000001,51283522871,3727,1324
1763351814,0000008000000008,51320276237,1537,1325
1763351817,0000000400000080,51351137773,4929,1326
1763351833,0000000100000080,51513269953,1130,1327
1763351837,0000000800000080,51549364314,259,1328
1763351838,0000000100000002,51559701400,255,1329
1763351839,0000008000000080,51574804439,231,1330
1763351850,0000008000000080,51683494807,5291,1331
1763351851,0000000800000002,51688852024,4980,1332
1763351857,0000008000000008,51751030273,2555,1333
1763351867,0000000100000004,51855096955,546,1334
1763351873,0000008000000080,51912155404,2337,1335
1763351874,0000000800000002,51927027394,1444,1336
1763351883,0000004000000080,52011550175,1673,1337
1763351889,0000000400000010,52070904117,5283,1338
1763351890,0000000100000001,52080444024,5281,1339
1763351891,0000000100000008,52093543657,5258,1340
1763351894,0000004000000008,52120675664,4555,1341
1763351906,0000000400000004,52243898389,2837,1342
1763351910,0000000100000002,52279545420,719,1343
1763351911,0000000100000003,52292862333,5156,1344
1763351917,0000000100000008,52347988807,1925,1345
1763351918,0000000800000008,52363165299,1081,1346
1763351921,0000000400000004,52390811977,4686,1347
1763351929,0000000400000001,52474275693,4968,1348
1763351936,0000000100000004,52547408018,1237,1349
1763351946,0000008000000080,52644287626,4533,1350
1763351947,0000004000000008,52657297027,3745,1351
1763351962,0000000200000001,52800895565,762,1352
1763351963,0000000800000004,52814412492,5212,1353
1763351964,0000000800000001,52824729132,4599,1354
1763351969,0000004000000002,52876083441,1591,1355
1763351976,0000000100000004,52944777862,2767,1356
1763351978,0000000100000001,52965852102,2096,1357
1763351979,0000004000000008,52969896557,1987,1358
1763351985,0000008000000080,53036613095,277,1359
1763351988,000000400000000b,53066558594,4901,1360
1763351999,0000008000000080,53171030172,4194,1361
1763352008,0000000800000080,53264093722,3884,1362
1763352010,0000000100000001,53284106189,2705,1363
1763352028,0000000100000004,53463958251,2746,1364
1763352030,0000000400000008,53487446689,2057,1365
1763352031,0000008000000008,53490834854,1955,1366
1763352043,0000000400000080,53614021717,3102,1367
1763352044,0000000100000001,53621086176,2710,1368
1763352045,0000000100000004,53630429308,2187,1369
1763352064,0000008000000004,53819229826,1781,1370
1763352064,0000000800000001,53824723898,1486,1371
1763352068,0000000c00000080,53864864016,4398,1372
1763352080,0000008000000080,53986529809,2908,1373
1763352084,0000008000000008,54020690910,2177,1374
1763352088,0000000400000004,54067449833,481,1375
1763352091,0000000100000008,54097080926,238,1376
1763352092,0000000100000004,54104590175,5319,1377
1763352096,0000000100000001,54145777233,3011,1378
1763352098,000000c000000080,54166439538,1913,1379
1763352116,0000000100000080,54346824153,340,1380
1763352118,0000000100000002,54358532101,5160,1381
1763352118,0000000400000004,54364260310,4825,1382
1763352128,0000008000000080,54464534827,4096,1383
1763352130,0000008000000080,54477441572,3327,1384
1763352135,0000000200000002,54537350600,5161,1385
1763352142,0000000400000001,54604143903,1368,1386
1763352144,0000000100000003,54621496475,503,1387
1763352144,0000004000000008,54623150252,404,1388
1763352149,0000004000000084,54676783606,2449,1389
1763352158,0000000100000006,54765032846,2762,1390
1763352160,0000000800000080,54780510697,2690,1391
1763352164,0000000200000004,54824318254,615,1392
1763352165,0000000100000002,54834667397,408,1393
1763352175,0000008000000008,54930660234,1994,1394
1763352179,0000004000000008,54973613433,4666,1395
1763352187,0000000400000008,55048690553,297,1396
1763352192,0000008000000080,55098541550,2565,1397
1763352197,0000000400000008,55150146803,4791,1398
1763352200,0000008000000080,55180055948,3018,1399
1763352200,0000000100000004,55181666408,2925,1400
1763352205,000000c000000080,55234438812,5225,1401
1763352210,0000008000000080,55284262542,2366,1402
1763352211,0000008000000080,55288210373,2148,1403
1763352223,0000004000000002,55412019848,3955,1404
1763352240,0000000800000004,55587385601,4179,1405
1763352253,0000000800000001,55712712360,2176,1406
1763352270,0000000100000004,55881489995,3006,1407
1763352276,0000000100000004,55946654319,639,1408
1763352280,0000000800000080,55978620869,431,1409
1763352281,0000008000000080,55991690325,232,1410
1763352284,0000004000000002,56025725342,3424,1411
1763352286,0000000200000004,56040350052,2571,1412
1763352287,0000008000000080,56052968607,1934,1413
1763352293,0000008000000002,56108466773,4093,1414
1763352311,0000000400000001,56291104429,4226,1415
1763352315,0000004000000006,56331732523,2597,1416
1763352316,0000000800000004,56339844205,2522,1417
1763352325,0000008000000080,56429245631,5137,1418
1763352326,0000004000000001,56443703162,4269,1419
1763352338,0000000400000008,56566983037,2398,1420
1763352352,0000000800000008,56702976518,4743,1421
1763352372,0000008000000080,56897511138,4177,1422
1763352386,0000000800000002,57039159353,4812,1423
1763352394,0000000400000008,57117797709,334,1424
1763352394,0000000400000002,57122023480,5313,1425
1763352397,0000004000000001,57153891253,3409,1426
1763352403,0000000100000080,57210947417,5271,1427
1763352408,0000000800000001,57267259273,1902,1428
1763352410,0000008000000080,57284026983,907,1429
1763352413,0000000400000004,57315569295,4268,1430
1763352418,0000000800000001,57358378323,1906,1431
1763352423,0000008000000002,57410853517,4026,1432
1763352441,0000008000000080,57591440995,567,1433
1763352447,0000000100000080,57650559964,4447,1434
1763352451,0000000800000001,57688168062,2232,1435
1763352458,0000000100000080,57762765632,3197,1436
1763352481,000000c000000080,57991164705,354,1437
1763352482,0000004000000080,58002544443,4856,1438
1763352499,0000000100000004,58168630368,2525,1439
1763352503,0000000100000004,58216252061,602,1440
1763352514,0000000400000004,58325277323,358,1441
1763352515,0000000800000004,58335568519,5024,1442
1763352525,0000000100000003,58433658194,4729,1443
1763352529,0000000800000008,58469287791,2759,1444
1763352537,0000000100000080,58548565295,492,1445
1763352544,0000000100000001,58621294361,3301,1446
1763352549,0000008000000001,58673090882,626,1447
1763352555,0000000100000002,58736260771,2260,1448
1763352557,0000000100000080,58748880467,1669,1449
1763352560,0000008000000080,58786834672,4680,1450
1763352561,0000004000000001,58788682281,4572,1451
1763352565,0000008000000080,58829548996,2601,1452
1763352581,0000008000000080,58995380958,2010,1453
1763352583,0000008000000008,59014162300,935,1454
1763352586,0000000100000001,59044418875,4356,1455
1763352586,0000004000000008,59045480343,4293,1456
1763352591,0000004000000001,59093659787,1864,1457
1763352592,0000004000000001,59103936474,1331,1458
1763352597,0000000100000008,59154736199,3553,1459
1763352614,0000000100000001,59320516331,2911,1460
1763352616,0000000100000001,59345401317,1847,1461
1763352621,0000000200000001,59389703231,4522,1462
1763352623,0000000400000080,59410021749,3323,1463
1763352645,0000000400000080,59629320750,471,1464
1763352649,0000000400000080,59671208306,3168,1465
1763352670,0000008000000080,59878225623,388,1466
1763352688,0000000100000001,60062614985,2334,1467
1763352696,0000000100000001,60143080804,164,1468
1763352710,0000008000000080,60278649416,603,1469
1763352710,0000000100000002,60286273886,600,1470
1763352716,0000000100000080,60342383943,4134,1471
1763352723,0000000100000001,60414681721,2867,1472
1763352754,0000008000000002,60726475715,3570,1473
1763352765,0000008000000008,60831123574,4716,1474
1763352769,000000040000000c,60875196137,3159,1475
1763352771,0000004000000080,60888768885,3134,1476
1763352774,0000008000000080,60924241978,2844,1477
1763352782,0000000100000004,60999352825,4205,1478
1763352785,0000000200000002,61035829834,2327,1479
1763352785,0000000400000080,61036139572,2309,1480
1763352786,0000008000000088,61046200218,1782,1481
1763352792,0000008000000004,61105932703,4080,1482
1763352800,0000000200000008,61183438352,2902,1483
1763352801,0000000400000001,61193552958,2419,1484
1763352818,0000004000000002,61367075142,4090,1485
1763352820,0000004000000004,61377919549,3621,1486
1763352843,0000000400000001,61615445589,4106,1487
1763352850,0000008000000080,61685260320,3854,1488
1763352858,0000008000000004,61758801051,858,1489
1763352865,0000004000000001,61828456846,3626,1490
1763352871,0000004000000002,61894781700,2367,1491
1763352873,0000000800000002,61913155190,1334,1492
1763352875,0000004000000002,61932888665,474,1493
1763352877,0000000800000008,61950406005,4874,1494
1763352877,0000000400000008,61956810984,4616,1495
1763352895,0000004000000004,62130406377,4751,1496
1763352900,0000000400000008,62177956182,4128,1497
1763352905,0000000800000002,62233982675,3811,1498
1763352907,0000008000000080,62255777885,3607,1499
1763352914,0000004000000080,62322701495,2610,1500
1763352915,0000000800000001,62330515001,2139,1501
1763352936,0000000100000001,62542389853,4309,1502
1763352939,0000000800000004,62572634003,4260,1503
1763352945,0000000400000002,62636801707,4165,1504
1763352954,0000000100000080,62724650878,3786,1505
1763352957,0000008000000080,62755271512,2900,1506
1763352982,0000000400000080,63006542340,2610,1507
1763352989,0000000500000001,63071687078,4520,1508
1763352999,0000000800000004,63172845034,4832,1509
1763353041,0000000100000001,63594147093,4649,1510
1763353048,0000004000000004,63659975867,1249,1511
1763353051,0000000800000008,63689165388,4943,1512
1763353051,0000000800000001,63696247615,4777,1513
1763353055,0000000100000001,63732172051,4713,1514
1763353059,0000000100000001,63768269046,4709,1515
1763353060,0000008000000080,63780186378,4686,1516
1763353076,0000008000000008,63939576348,4564,1517
1763353083,0000008000000004,64013301717,4378,1518
1763353084,0000004000000008,64020409887,4367,1519
1763353088,0000000800000080,64066032170,2902,1520
1763353093,0000000100000004,64108063970,468,1521
1763353094,0000008000000080,64121761971,5080,1522
1763353098,0000000400000002,64164947480,4903,1523
1763353099,0000008000000080,64174457717,4905,1524
1763353100,0000000800000004,64179686440,4904,1525
1763353102,0000000100000004,64200401870,4891,1526
1763353113,0000004000000080,64312394270,4808,1527
1763353114,0000000400000002,64319875782,4807,1528
1763353115,0000004000000080,64332594799,4804,1529
1763353119,0000008000000004,64372289789,4801,1530
1763353121,0000000800000008,64389412142,4724,1531
1763353122,0000000100000001,64402112075,4719,1532
1763353124,0000000400000004,64423966574,4717,1533
1763353127,0000000400000001,64450775834,4707,1534
1763353143,0000000800000004,64611132835,5104,1535
1763353146,0000000400000001,64643903478,5061,1536
1763353148,0000008000000080,64666184734,5050,1537
1763353149,0000004000000002,64669069783,5052,1538
1763353151,0000008000000080,64689084584,5051,1539
1763353162,0000000100000002,64801782415,4983,1540
1763353165,0000004000000008,64836511779,4597,1541
1763353172,0000004000000080,64898280154,4577,1542
1763353176,0000000100000001,64938647038,2729,1543
1763353183,0000000400000008,65013729911,5109,1544
1763353186,0000000400000080,65038108113,5110,1545
1763353190,0000000100000001,65080750051,4897,1546
1763353190,0000000400000004,65083846330,4774,1547
1763353195,0000008000000008,65127337560,4623,1548
1763353195,0000000100000004,65136080945,4631,1549
1763353199,0000008000000080,65167930581,4535,1550
1763353199,0000000800000004,65168531326,4520,1551
1763353216,0000000800000002,65340397267,5225,1552
1763353217,0000008000000080,65347899773,4884,1553
1763353225,0000000400000001,65432734680,4633,1554
1763353238,0000008000000008,65563456717,244,1555
1763353239,0000000400000001,65575427928,226,1556
1763353252,0000004000000002,65705259260,1208,1557
1763353268,0000000800000004,65866192178,2292,1558
1763353271,0000000100000005,65896876181,531,1559
1763353280,0000000800000002,65979028822,4281,1560
1763353285,0000008400000080,66030697819,3003,1561
1763353291,0000000800000004,66091021964,552,1562
1763353302,0000004000000001,66201832585,3746,1563
1763353310,0000000100000001,66277202028,996,1564
1763353323,0000000400000002,66411832015,4053,1565
1763353326,0000000100000001,66437568739,3986,1566
1763353330,0000000400000002,66478621209,1707,1567
1763353341,0000000400000001,66595441196,4719,1568
1763353342,0000000400000002,66602443366,4683,1569
1763353372,0000008000000080,66901850100,4997,1570
1763353380,0000008000000080,66981948658,4966,1571
1763353380,0000000800000002,66984823974,4965,1572
1763353384,0000000800000001,67024381382,4961,1573
1763353396,0000008000000080,67144956627,4846,1574
1763353399,0000000100000001,67170824953,4856,1575
1763353406,0000008000000080,67243902264,4775,1576
1763353408,0000008000000008,67258613084,4771,1577
1763353418,0000000100000001,67363007415,1945,1578
1763353435,0000008000000080,67534454261,2142,1579
1763353443,0000000100000001,67607863604,4893,1580
1763353450,0000000000000010,67678387070,4430,1581
1763353453,0000008000000080,67713964324,4428,1582
1763353460,0000008000000001,67786689164,1529,1583
1763353468,0000000400000001,67860108679,5131,1584
1763353470,0000000800000004,67883484363,4979,1585
1763353476,0000008000000080,67947031823,4764,1586
1763353499,0000000400000008,68176562884,4998,1587
1763353503,0000004000000002,68207724236,4956,1588
1763353505,0000000100000002,68233776450,4956,1589
1763353508,0000000800000002,68263752027,4775,1590
1763353515,0000004000000002,68331939002,1688,1591
1763353520,0000000400000001,68381300029,5085,1592
1763353531,0000008000000080,68492914713,2071,1593
1763353531,0000004000000002,68495433466,1968,1594
1763353532,0000000100000001,68504956216,1778,1595
1763353542,0000000400000001,68606551124,5026,1596
1763353545,0000000500000001,68636021290,3929,1597
1763353547,0000000100000002,68655447354,2787,1598
1763353550,0000008000000004,68680665792,1957,1599
1763353550,0000000100000008,68681564886,1943,1600
1763353554,0000004000000080,68721915166,5308,1601
1763353554,0000000800000001,68726646483,5231,1602
1763353564,0000004000000080,68825019230,3069,1603
1763353584,0000000100000002,69025004882,2214,1604
1763353591,0000008000000080,69087792437,241,1605
1763353600,0000004000000008,69178395662,2605,1606
1763353600,0000004000000008,69181937188,2434,1607
1763353602,0000004000000004,69197892977,1877,1608
1763353614,000000c000000080,69318666444,4696,1609
1763353618,0000000100000002,69359952577,2514,1610
1763353637,0000004000000002,69555842498,1612,1611
1763353640,0000000100000001,69586088288,454,1612
1763353653,0000008000000080,69708857170,2210,1613
1763353660,0000000100000004,69785655330,503,1614
1763353673,0000000100000008,69912979837,1033,1615
1763353673,0000000100000001,69915720907,887,1616
1763353678,0000000400000080,69962335694,524,1617
1763353681,0000000100000001,69989608193,239,1618
1763353682,0000004000000080,70004449376,4934,1619
1763353687,0000008000000080,70050480268,2472,1620
1763353688,0000000100000001,70060239404,2172,1621
1763353689,0000000400000008,70073547378,1825,1622
1763353692,0000000100000080,70102381048,565,1623
1763353701,0000004000000002,70189260795,4110,1624
1763353709,0000000100000008,70276297790,548,1625
1763353717,0000008000000080,70351445153,4649,1626
1763353717,0000000400000001,70353749843,4516,1627
1763353720,0000000400000080,70380190992,2996,1628
1763353721,0000000100000002,70393381723,2533,1629
1763353732,0000000100000003,70502048168,405,1630
1763353732,0000000100000001,70506220023,334,1631
1763353738,0000000400000002,70565721640,2667,1632
1763353747,000000c000000080,70650595822,598,1633
1763353767,0000008000000080,70855650499,3300,1634
1763353769,0000000100000001,70872767757,2390,1635
1763353773,0000004000000080,70908510651,788,1636
1763353790,0000000100000002,71082643050,612,1637
1763353798,0000008000000080,71162980679,2804,1638
1763353802,0000000100000001,71202968080,1672,1639
1763353808,0000000400000002,71258066487,567,1640
1763353810,0000008000000080,71280900751,379,1641
1763353814,0000000200000080,71320516840,3469,1642
1763353822,0000000400000002,71404226763,626,1643
1763353832,0000000100000001,71502981465,3055,1644
1763353846,0000008000000004,71646674509,4497,1645
1763353852,0000000100000008,71703017284,2886,1646
1763353859,0000000400000008,71767137633,601,1647
1763353865,0000004000000002,71829615500,3870,1648
1763353866,0000000400000080,71840408005,3465,1649
1763353885,0000000400000008,72033155492,3034,1650
1763353887,0000000100000001,72047064871,3005,1651
1763353895,0000000100000001,72135043297,626,1652
1763353900,0000000100000080,72185556624,3332,1653
1763353909,0000000400000008,72269066192,973,1654
1763353914,0000000800000008,72320894642,264,1655
1763353920,0000008000000080,72381600231,3111,1656
1763353923,0000008000000080,72411822555,2649,1657
1763353923,0000008000000080,72412081457,2638,1658
1763353940,0000000100000003,72583013751,2783,1659
1763353941,0000000800000001,72589108957,2457,1660
1763353952,0000008000000080,72701810296,3477,1661
1763353958,0000008000000080,72764230232,2354,1662
1763353965,0000000100000008,72836656675,406,1663
1763353976,0000000400000004,72942523650,2042,1664
1763353979,0000008000000080,72976385927,644,1665
1763354002,0000000800000004,73201609826,4527,1666
1763354004,0000008000000001,73217591789,3638,1667
1763354020,0000004000000002,73385175324,3895,1668
1763354021,0000000800000001,73387794203,3761,1669
1763354027,0000004000000080,73454564513,2600,1670
1763354038,0000000400000004,73565593348,3588,1671
1763354042,0000008000000002,73597023465,3373,1672
1763354049,0000000100000004,73668232107,710,1673
1763354051,0000004000000080,73693499220,488,1674
1763354057,0000004000000080,73747355097,3476,1675
1763354058,0000002000000002,73764552748,3412,1676
1763354065,0000000800000001,73830034528,1044,1677
1763354071,0000000100000002,73893969911,4558,1678
1763354091,0000000400000008,74091945365,3549,1679
1763354101,0000008000000080,74189317351,759,1680
1763354104,0000000800000008,74221672509,348,1681
1763354122,0000000400000004,74397850567,244,1682
1763354127,0000008000000001,74448728428,3703,1683
1763354131,0000000100000008,74496917193,2800,1684
1763354132,0000008000000080,74503759423,2381,1685
1763354133,0000008000000080,74511119791,1940,1686
1763354133,0000000100000001,74515483652,1678,1687
1763354137,0000008000000002,74552869631,378,1688
1763354139,0000000100000002,74569147895,211,1689
1763354139,0000000100000001,74569585809,208,1690
1763354149,0000000100000008,74673232244,2851,1691
1763354165,0000000100000003,74828244532,4185,1692
1763354201,0000008000000080,75187067916,4462,1693
1763354206,0000000100000001,75239044329,4442,1694
1763354223,0000008000000008,75407122816,4038,1695
1763354234,0000000400000008,75520571471,4849,1696
1763354235,0000004000000001,75530772060,4696,1697
1763354238,0000008000000080,75558831056,4690,1698
1763354240,0000000100000001,75582248650,4688,1699
1763354241,0000000800000008,75594937385,4679,1700
1763354244,0000004000000002,75622423103,4645,1701
1763354248,0000000800000002,75666277810,4640,1702
1763354255,0000004000000080,75727303666,4582,1703
1763354263,0000000100000001,75812735401,4519,1704
1763354279,0000000800000001,75971139217,4128,1705
1763354283,0000004000000002,76009992448,4125,1706
1763354286,0000008000000003,76046546876,3924,1707
1763354288,0000000800000080,76058917196,3227,1708
1763354295,0000000400000004,76133547575,4820,1709
1763354309,0000000100000008,76266927952,4774,1710
1763354324,0000000800000002,76417922532,4680,1711
1763354327,0000008000000004,76447084010,4679,1712
1763354329,0000000100000004,76468465231,4661,1713
1763354329,0000004000000008,76472900166,4640,1714
1763354344,0000004000000002,76618979425,4432,1715
1763354348,0000008000000008,76662487127,3630,1716
1763354353,0000000400000002,76715121034,788,1717
1763354354,0000000400000008,76718142693,625,1718
1763354355,0000000100000001,76728842053,5330,1719
1763354366,0000000800000001,76840897845,4958,1720
1763354368,000000c000000080,76858944959,4958,1721
1763354382,0000008000000004,77001526569,4876,1722
1763354383,0000000400000004,77007983887,4880,1723
1763354392,0000008000000004,77102744321,4821,1724
1763354395,0000000400000002,77131825576,4822,1725
1763354403,0000000100000003,77210532088,4665,1726
1763354407,0000000100000004,77252225138,4617,1727
1763354413,0000008000000080,77312887754,2187,1728
1763354414,0000008000000008,77322098358,1736,1729
1763354416,0000000100000002,77345998539,522,1730
1763354418,0000000400000002,77364792767,456,1731
1763354428,0000000800000080,77456903749,363,1732
1763354431,0000000400000001,77494401085,345,1733
1763354435,0000000100000008,77527547991,313,1734
1763354459,0000000100000001,77776047098,161,1735
1763354460,0000000100000001,77778586795,162,1736
1763354465,0000000100000008,77829003130,5328,1737
1763354475,0000000900000001,77927528787,5275,1738
1763354490,0000004000000002,78084538274,5209,1739
1763354494,0000000400000080,78123009252,5157,1740
1763354504,0000008000000080,78224866962,5076,1741
1763354505,0000008000000080,78229690516,5076,1742
1763354525,0000000800000002,78432304517,211,1743
1763354531,0000000800000004,78487668335,4445,1744
1763354531,0000008000000080,78488733820,4448,1745
1763354531,0000004000000001,78488929278,4450,1746
1763354536,0000008800000080,78546398860,4400,1747
1763354543,0000000100000001,78613798198,4132,1748
1763354550,0000008000000002,78680334903,3942,1749
1763354555,0000008000000080,78732444273,2371,1750
1763354559,0000008000000080,78771497697,315,1751
1763354581,0000000100000001,78993599644,5181,1752
1763354585,0000000800000004,79028343316,4812,1753
1763354586,0000004000000001,79039089636,4804,1754
1763354591,0000000400000002,79094732412,4642,1755
1763354594,0000000100000001,79125951247,4626,1756
1763354596,0000000800000001,79146517579,4610,1757
1763354603,0000008000000080,79213069380,4534,1758
1763354609,0000008000000002,79274273049,4487,1759
1763354620,0000004000000080,79386122157,4381,1760
1763354624,0000008000000080,79420461992,4272,1761
1763354626,0000000100000080,79439876668,4269,1762
1763354634,0000000100000001,79519806375,2030,1763
1763354635,0000000400000001,79531143677,1353,1764
1763354644,0000000800000004,79616996338,4390,1765
1763354650,0000000400000080,79679699789,3073,1766
1763354651,0000000100000001,79689361056,2487,1767
1763354651,0000000300000001,79694401294,2184,1768
1763354652,0000000400000001,79700056358,1854,1769
1763354665,0000008000000080,79832683628,4298,1770
1763354674,0000000400000080,79926061613,853,1771
1763354675,0000000800000080,79935908381,312,1772
1763354685,0000000100000009,80034597426,2323,1773
1763354691,0000000100000008,80087205793,722,1774
1763354697,0000008000000080,80153932095,4707,1775
1763354710,0000000400000004,80281738275,2658,1776
1763354710,0000000100000005,80284653684,2480,1777
1763354726,0000008000000080,80445645164,4553,1778
1763354729,0000000400000002,80467119502,4376,1779
1763354733,0000004000000008,80506992982,4372,1780
1763354736,0000000100000008,80537352428,2920,1781
1763354736,0000000100000008,80539891458,2768,1782
1763354741,0000000100000080,80594562053,1195,1783
1763354742,0000008000000004,80600191441,1179,1784
1763354746,0000000400000001,80641340275,4952,1785
1763354751,0000000100000001,80696599739,4424,1786
1763354752,0000008000000002,80706576629,4009,1787
1763354771,0000000800000080,80893658591,4485,1788
1763354772,0000004000000004,80897791134,4484,1789
1763354776,0000000800000001,80946213282,4365,1790
1763354801,0000008000000004,81194761706,1538,1791
1763354806,0000000400000002,81246328734,5035,1792
1763354807,0000000100000001,81247579867,5008,1793
1763354810,0000004000000008,81284071492,4917,1794
1763354811,0000000200000001,81292490847,4865,1795
1763354817,0000008000000080,81350392485,4787,1796
1763354836,0000000100000001,81538986716,5058,1797
1763354840,0000008000000002,81577453654,4842,1798
1763354841,0000000800000002,81589327831,4843,1799
1763354862,0000000800000080,81799354208,5048,1800
1763354862,0000000100000004,81806718394,4963,1801
1763354866,0000004000000004,81838369097,4749,1802
1763354883,0000000100000002,82016397407,287,1803
1763354885,0000008000000080,82035634498,5177,1804
1763354897,0000004000000080,82151386977,5015,1805
1763354915,0000004000000001,82333163262,1196,1806
1763354932,0000008000000080,82506148579,4988,1807
1763354934,0000004000000004,82517293157,4950,1808
1763354934,0000004000000002,82517708652,4944,1809
1763354938,0000008000000080,82564428758,2365,1810
1763354944,0000000100000080,82621589474,359,1811
1763354945,0000000100000007,82635143318,5292,1812
1763354958,0000000400000001,82763867661,2149,1813
1763354985,0000000100000001,83027801286,5246,1814
1763354988,0000000800000080,83064790342,3313,1815
1763355000,0000000100000002,83180969577,198,1816
1763355005,0000004000000008,83229806750,4071,1817
1763355007,0000000100000004,83250620386,2910,1818
1763355023,0000000100000004,83408050119,3264,1819
1763355034,0000000100000008,83518391241,320,1820
1763355036,0000000800000008,83542545801,162,1821
1763355043,000000010000000c,83609967054,2384,1822
1763355067,0000000800000001,83847076153,505,1823
1763355068,0000004000000008,83863834422,503,1824
1763355078,0000000100000001,83958808630,2480,1825
1763355079,0000000800000002,83975868373,2205,1826
1763355080,0000000500000001,83976991535,2164,1827
1763355089,0000008000000008,84074871197,5196,1828
1763355094,0000000400000008,84119647459,2916,1829
1763355096,0000000100000001,84142809083,2534,1830
1763355103,0000000400000008,84211337843,467,1831
1763355107,0000000100000001,84247866768,5051,1832
1763355124,0000008000000080,84420232916,5074,1833
1763355124,0000004000000004,84422080750,4960,1834
1763355129,0000008000000004,84474785623,2602,1835
1763355131,0000008000000080,84491439405,2281,1836
1763355140,0000000100000001,84583102458,306,1837
1763355146,0000000100000003,84645840050,2809,1838
1763355167,0000008000000080,84849096113,2778,1839
1763355168,0000000400000008,84859005382,2178,1840
1763355175,0000000800000080,84930763512,283,1841
1763355184,0000000100000008,85019316569,3097,1842
1763355190,0000000800000080,85077312401,571,1843
1763355193,0000008000000080,85111595019,5161,1844
1763355194,0000000100000001,85120153580,4649,1845
1763355194,0000000400000004,85123536575,4453,1846
1763355242,0000000300000002,85598511233,583,1847
1763355244,0000000100000008,85622837366,335,1848
1763355255,0000000900000080,85732667408,2029,1849
1763355261,0000000400000080,85789105235,483,1850
1763355262,0000004000000008,85798942011,208,1851
1763355262,0000000400000004,85806312149,4971,1852
1763355272,0000000800000008,85902999754,2482,1853
1763355274,0000008000000080,85919814592,1545,1854
1763355276,0000008000000002,85937491929,895,1855
1763355288,0000000100000001,86062835658,3356,1856
1763355289,0000008000000008,86072037226,2807,1857
1763355292,0000000400000001,86097468119,1430,1858
1763355292,0000000400000080,86100631467,1311,1859
1763355318,0000000800000001,86360700218,1030,1860
1763355318,0000000400000080,86363434059,940,1861
1763355342,0000000400000002,86601092305,2078,1862
1763355356,0000004000000001,86744479266,4484,1863
1763355361,0000008000000080,86787959305,4428,1864
1763355369,0000000400000002,86871479165,4357,1865
1763355373,0000004000000080,86914821391,4339,1866
1763355383,0000008000000080,87013544293,4136,1867
1763355392,0000008000000004,87098380178,3860,1868
1763355402,0000008000000080,87201703751,5003,1869
1763355406,0000000100000001,87244209836,4984,1870
1763355409,0000000800000008,87275279674,4941,1871
1763355414,0000004000000002,87326082083,4926,1872
1763355415,0000000400000004,87329914672,4922,1873
1763355417,0000000800000003,87355033963,4899,1874
1763355419,0000000800000010,87375729158,4891,1875
1763355424,0000000800000001,87424197058,4868,1876
1763355432,0000000400000004,87497427316,4842,1877
1763355439,0000000100000004,87574525619,4803,1878
1763355443,0000004000000008,87614519835,4767,1879
1763355460,000000c000000080,87782354833,4682,1880
1763355462,0000004000000008,87798174835,4664,1881
1763355462,0000008000000080,87804477837,4663,1882
1763355464,0000008000000004,87825195255,4662,1883
1763355465,0000004000000008,87833216805,4664,1884
1763355498,0000000400000080,88162092783,2621,1885
1763355503,0000000400000002,88215031131,5170,1886
1763355531,0000004000000008,88495612808,4817,1887
1763355534,0000000200000002,88523734270,4821,1888
1763355535,0000000400000080,88534977567,4817,1889
1763355536,0000004400000001,88541894570,4806,1890
1763355537,0000000800000004,88547778092,4801,1891
1763355538,0000008000000080,88560500040,4793,1892
1763355539,0000000800000006,88566731430,4787,1893
1763355539,0000000100000001,88573743107,4778,1894
1763355540,0000000400000004,88583627843,4781,1895
1763355542,0000000100000001,88605960736,4781,1896
1763355550,0000004000000080,88682105081,4707,1897
1763355555,0000004000000080,88726801244,4685,1898
1763355556,0000000800000008,88740497319,4519,1899
1763355556,0000008000000008,88744153092,4348,1900
1763355559,0000000100000001,88767036172,3211,1901
1763355562,0000008000000080,88801829411,2467,1902
1763355567,0000008000000080,88853779131,5251,1903
1763355573,0000000900000001,88916013614,5209,1904
1763355574,0000004000000080,88922319561,5204,1905
1763355584,0000000400000004,89025572428,5167,1906
1763355586,0000000100000001,89039994448,5169,1907
1763355593,0000000100000001,89107181618,5132,1908
1763355599,0000000400000004,89167591887,5099,1909
1763355606,0000008000000080,89245623316,5071,1910
1763355607,0000000400000004,89249706649,5069,1911
1763355609,0000004000000080,89272437344,5054,1912
1763355631,0000000100000001,89488458304,4212,1913
1763355632,0000004000000004,89501878697,4200,1914
1763355640,0000000400000001,89585380713,2043,1915
1763355654,0000008000000080,89717371461,498,1916
1763355667,0000000100000008,89852894625,365,1917
1763355672,0000000800000004,89900830861,319,1918
1763355674,0000000100000004,89920341184,303,1919
1763355682,0000000100000001,90003760178,245,1920
1763355702,000000c000000080,90196664375,5289,1921
1763355713,0000000100000001,90309859731,4376,1922
1763355715,0000000400000001,90335272597,4104,1923
1763355717,0000004000000002,90352958268,4062,1924
1763355732,0000000400000004,90500822935,353,1925
1763355733,0000008000000002,90510232916,322,1926
1763355736,0000000800000080,90537051142,307,1927
1763355737,0000000400000002,90546631881,297,1928
1763355737,0000000100000008,90554353753,169,1929
1763355738,0000000100000001,90564985842,4876,1930
1763355741,0000000800000004,90591471665,4446,1931
1763355744,0000000800000010,90617585248,4399,1932
1763355748,0000000400000001,90661608463,4318,1933
1763355760,0000008000000004,90785776739,3866,1934
1763355761,0000008000000008,90790662401,3764,1935
1763355763,0000000400000004,90809847155,2782,1936
1763355778,0000004000000001,90959823853,4404,1937
1763355778,0000008000000001,90964866630,4370,1938
1763355787,0000004000000001,91055346423,1189,1939
1763355803,0000008000000080,91208787627,1307,1940
1763355804,0000008000000008,91220698683,1274,1941
1763355818,0000000400000002,91363118670,2000,1942
1763355822,0000000800000001,91406292799,1096,1943
1763355824,0000000400000080,91424211090,5300,1944
1763355840,0000008000000080,91581320044,3192,1945
1763355840,0000000100000001,91581838890,3165,1946
1763355841,0000008000000002,91596204750,2317,1947
1763355851,0000000100000001,91694484654,4882,1948
1763355877,0000000100000008,91955549317,4903,1949
1763355884,0000000100000001,92017585961,4623,1950
1763355885,0000008000000008,92032346192,4633,1951
1763355887,000000c000000080,92048810429,4633,1952
1763355903,0000000800000008,92208474214,5255,1953
1763355903,0000000100000002,92212126264,5234,1954
1763355910,0000000100000001,92279556998,5200,1955
1763355927,0000008000000080,92455991699,5056,1956
1763355930,0000000100000002,92484202716,5047,1957
1763355940,0000000400000080,92582778936,5015,1958
1763355941,0000000400000004,92586778146,5016,1959
1763355941,0000000800000002,92594736552,4984,1960
1763355945,0000000800000080,92629519155,4986,1961
1763355946,0000000800000004,92646426630,4981,1962
1763355952,0000000800000004,92699770947,4931,1963
1763355952,0000000100000003,92704188907,4942,1964
1763355955,0000000400000008,92730628498,4948,1965
1763355955,0000000100000004,92731760014,4948,1966
1763355958,0000008000000080,92760848961,4950,1967
1763355959,0000000100000001,92773463311,4909,1968
1763355964,0000000100000006,92824010241,4916,1969
1763355965,0000008000000008,92831317235,4918,1970
1763355970,0000004000000002,92880557229,4881,1971
1763355978,0000004000000004,92965619694,4802,1972
1763355981,0000008000000004,92986959539,4815,1973
1763355985,0000004000000008,93035731708,4727,1974
1763355989,0000002000000002,93071666019,3600,1975
1763356008,0000000100000004,93257293598,2329,1976
1763356013,0000004000000080,93311708069,978,1977
1763356016,0000000400000002,93341958662,4856,1978
1763356018,0000000100000001,93361543467,4863,1979
1763356023,0000008000000002,93407000453,4225,1980
1763356033,0000000100000001,93515810852,4969,1981
1763356034,0000000800000008,93522661638,4973,1982
1763356035,0000000100000002,93527695710,4973,1983
1763356041,0000000100000003,93587728253,4825,1984
1763356070,0000000100000001,93880846250,5186,1985
1763356074,0000000800000002,93920301185,5164,1986
1763356075,0000008000000080,93931940196,5150,1987
1763356076,0000000400000002,93939286322,5151,1988
1763356087,0000000400000004,94053340573,5109,1989
1763356089,0000000400000004,94069120003,5060,1990
1763356091,0000004000000080,94089584207,5049,1991
1763356092,0000008000000080,94097092243,5056,1992
1763356096,0000008000000080,94137569103,5054,1993
1763356097,0000008000000080,94146709091,5046,1994
1763356099,0000000800000001,94170996455,4987,1995
1763356104,0000000400000004,94219044840,4964,1996
1763356105,0000000100000001,94226660311,4964,1997
1763356108,0000000400000004,94263522096,4851,1998
1763356111,0000004000000004,94291358086,4837,1999
1763356127,0000000200000004,94451751027,305,2000
1763356129,0000004000000002,94469021427,5142,2001
1763356150,0000000100000002,94679731486,4650,2002
1763356162,0000000300000001,94799280221,424,2003
1763356167,0000000400000002,94848987306,5262,2004
1763356168,0000000400000080,94864651614,5164,2005
1763356183,000000c000000080,95006705453,5235,2006
1763356184,0000000400000004,95026195222,5157,2007
1763356199,0000000100000003,95167356731,5323,2008
1763356204,0000004000000001,95223650952,4641,2009
1763356209,0000008000000004,95274389531,2468,2010
1763356218,000000c000000080,95358140728,287,2011
1763356222,0000000100000080,95402428758,4492,2012
1763356225,0000000400000080,95429302538,3066,2013
1763356226,0000000100000001,95442697732,2902,2014
1763356229,0000004000000002,95467728588,2355,2015
1763356247,0000000300000001,95649755921,1795,2016
1763356278,0000008000000008,95963417297,2296,2017
1763356279,0000000400000002,95968663425,2187,2018
1763356279,0000008000000080,95972362915,2124,2019
1763356291,0000008000000004,96092703905,4745,2020
1763356293,0000008000000004,96114657366,3621,2021
1763356299,0000008000000080,96172401196,2500,2022
1763356305,0000000400000004,96226860213,677,2023
1763356312,0000008000000080,96298276330,2901,2024
1763356315,0000000400000004,96327482029,2496,2025
1763356334,0000000400000080,96520911060,2281,2026
1763356339,0000000100000004,96574307891,502,2027
1763356348,0000000100000004,96664558189,3391,2028
1763356378,0000000c00000001,96959556213,4269,2029
1763356388,0000008000000002,97064508170,1539,2030
1763356392,000000c000000080,97105555909,408,2031
1763356396,0000000200000004,97136789742,4182,2032
1763356399,0000000100000008,97170443334,4010,2033
1763356428,0000004000000001,97458673819,3948,2034
1763356431,0000000400000040,97491800883,3831,2035
1763356435,0000004000000001,97533264072,3766,2036
1763356446,0000000400000004,97645383685,4813,2037
1763356466,0000000100000001,97844304815,3953,2038
1763356479,0000004000000008,97973402944,221,2039
1763356484,0000000800000002,98025252154,4663,2040
1763356486,0000000100000002,98042710726,4651,2041
1763356496,0000008000000080,98140298051,4590,2042
1763356498,0000000800000002,98163943438,4561,2043
1763356499,0000008000000008,98174743487,4561,2044
1763356508,0000000200000002,98265848962,4504,2045
1763356512,000000c000000004,98305983248,4491,2046
1763356530,0000008000000008,98481168483,1935,2047
1763356548,0000004000000002,98662866637,4687,0
1763356558,0000000100000001,98762533664,4275,1
1763356569,0000000400000004,98876065631,5328,2
1763356585,0000000100000001,99033305574,5217,3
1763356590,0000000800000004,99085582129,5195,4
1763356595,0000004000000080,99130457172,5176,5
1763356607,0000000100000008,99253163934,5127,6
1763356619,0000008000000080,99372219536,5075,7
1763356621,0000000100000003,99390487368,5079,8
1763356623,0000000100000004,99410409919,5081,9
1763356624,0000004000000004,99418899993,5071,10
1763356625,0000000400000002,99435898173,5055,11
1763356628,0000000400000004,99465262592,1909,12
1763356631,0000000100000003,99489897950,5051,13
1763356635,0000000800000001,99531653879,5017,14
1763356643,0000000400000001,99609668150,4994,15
1763356645,0000000800000080,99630195625,4977,16
1763356653,0000000100000001,99711409317,4922,17
1763356656,0000008000000080,99745969213,4921,18
1763356657,0000008000000080,99755689920,4930,19
1763356658,0000000100000001,99761858028,4925,20
1763356662,0000000400000002,99796938515,4859,21
1763356673,0000000100000080,99908446243,3649,22
1763356682,0000000200000001,100003444950,272,23
1763356684,0000000400000008,100019673517,268,24
1763356689,0000000100000001,100070278261,213,25
1763356711,0000000100000003,100286897013,5273,26
1763356713,0000000100000001,100306804457,5249,27
1763356722,0000000200000001,100396414581,5143,28
1763356724,0000000800000002,100419334701,5103,29
1763356726,0000008000000080,100436536951,5101,30
1763356731,0000008000000002,100488235052,4863,31
1763356736,0000004000000004,100543051079,4217,32
1763356743,0000008000000008,100613257299,3923,33
1763356750,0000000100000080,100676332680,1576,34
1763356753,0000000100000002,100715733072,430,35
1763356754,0000000400000080,100720562359,421,36
1763356769,0000000100000002,100873377123,4646,37
1763356771,0000000400000002,100895988146,4606,38
1763356772,0000000400000008,100906310577,4613,39
1763356777,0000008000000002,100953721572,4571,40
1763356778,0000000400000002,100962004857,4563,41
1763356791,0000004000000002,101090660825,4284,42
1763356801,0000000100000001,101187103404,2680,43
1763356802,0000000100000001,101203093542,1725,44
1763356808,0000000800000002,101259366932,617,45
1763356811,0000000100000001,101291402278,4699,46
1763356816,0000000800000001,101339156024,4655,47
1763356816,0000008000000080,101344638473,4641,48
1763356824,0000008000000002,101420108208,4568,49
1763356826,0000008000000008,101438670673,4571,50
1763356837,0000008000000008,101554962178,4446,51
1763356868,0000000800000004,101860257211,4507,52
1763356868,0000000400000004,101862045987,4450,53
1763356892,0000000400000004,102100973681,5132,54
1763356895,0000000400000004,102130571989,5129,55
1763356895,0000000800000002,102131027805,5129,56
1763356910,0000000100000001,102280165734,5013,57
1763356911,0000000100000004,102287367485,5031,58
1763356912,0000008000000080,102300663574,4990,59
1763356915,0000000200000001,102332204716,4971,60
1763356919,0000000800000080,102374881383,4932,61
1763356921,0000008000000002,102390541237,4902,62
1763356926,0000004000000001,102444258942,4855,63
1763356930,0000000800000001,102477562384,4838,64
1763356935,0000000800000080,102533121126,4785,65
1763356939,0000008000000080,102576245492,4766,66
1763356943,0000000400000004,102607247149,4761,67
1763356953,0000000400000004,102712623473,4610,68
1763356953,0000008000000004,102713196430,4608,69
1763356955,0000008800000002,102729813126,4592,70
1763356962,0000004000000002,102799856932,4319,71
1763356965,0000008000000080,102832154197,2568,72
1763356977,0000000100000002,102949785605,4688,73
1763356979,0000000400000002,102973516576,4593,74
1763356980,0000008000000008,102981379187,4575,75
1763356983,0000008000000008,103006757436,4539,76
1763356992,0000000100000004,103096280211,2134,77
1763357000,0000000200000001,103179451202,4829,78
1763357001,0000004000000008,103187236802,4679,79
1763357002,0000004000000008,103202540078,4685,80
1763357006,0000004000000004,103238661862,4559,81
1763357008,0000000100000001,103264716967,4446,82
1763357014,0000000800000080,103326053972,3810,83
1763357022,0000004000000008,103403275768,1166,84
1763357034,0000000400000004,103521547058,4724,85
1763357044,0000008000000080,103620108366,2786,86
1763357044,0000000400000001,103620248641,2779,87
1763357053,0000004000000001,103707059601,4802,88
1763357053,0000000400000002,103714373936,4802,89
1763357062,0000008000000004,103799587291,4593,90
1763357066,0000008000000081,103841914333,4025,91
1763357083,0000000100000001,104010597394,4746,92
1763357083,0000000100000001,104012905295,4742,93
1763357086,0000000100000004,104040178685,3687,94
1763357089,0000000400000002,104066333996,2272,95
1763357102,0000004000000001,104197645364,4769,96
1763357108,0000000100000001,104256722887,2210,97
1763357109,0000000100000080,104273763731,1567,98
1763357115,0000000400000002,104326320702,5228,99
1763357115,0000000100000001,104327795909,5227,100
1763357118,0000004000000080,104364231780,5160,101
1763357129,0000008000000080,104473588179,733,102
1763357130,0000000800000080,104476631086,597,103
1763357132,0000004000000002,104499586100,391,104
1763357143,000000c000000080,104610019752,243,105
1763357147,0000000800000003,104650266137,201,106
1763357148,0000008000000080,104656542870,201,107
1763357152,0000000400000080,104700902723,5311,108
1763357156,000000020000000d,104744708664,3700,109
1763357156,0000000800000080,104745333025,3680,110
1763357166,0000000100000008,104838664460,902,111
1763357174,0000004000000001,104922280405,374,112
1763357182,0000000800000002,105001559662,3995,113
1763357205,0000008000000080,105227990121,183,114
1763357206,0000004000000001,105245669393,4705,115
1763357231,0000008000000002,105488132631,3473,116
1763357232,000000c000000080,105504465377,2641,117
1763357239,0000004000000004,105575905263,1410,118
1763357248,0000008000000080,105662181161,5152,119
1763357249,0000004000000008,105673283642,4561,120
1763357265,0000000400000080,105834757976,5303,121
1763357277,0000008000000002,105951428523,1369,122
1763357282,0000008000000080,106002449876,452,123
1763357294,0000000100000080,106123391737,1776,124
1763357305,0000008000000002,106228668152,4018,125
1763357334,0000000100000008,106519110704,3140,126
1763357335,0000000400000008,106530075862,2574,127
1763357354,0000000800000080,106725176439,4095,128
1763357358,0000000100000008,106757921304,4081,129
1763357365,0000000400000002,106831110597,2997,130
1763357366,0000000400000080,106841307214,2876,131
1763357377,0000000800000004,106954201307,4251,132
1763357383,0000008000000001,107012141403,3292,133
1763357385,0000000100000004,107029929273,3200,134
1763357395,0000000100000080,107129031676,4442,135
1763357396,0000008000000004,107145442714,4138,136
1763357402,0000000100000001,107199362193,4111,137
1763357418,0000008000000008,107364017447,5118,138
1763357426,0000008000000008,107441979979,5081,139
1763357432,0000000100000001,107497092260,5043,140
1763357433,0000000400000002,107506857319,5045,141
1763357442,0000000800000080,107596986873,5003,142
1763357443,0000000100000002,107612604849,5005,143
1763357449,0000000100000002,107673629477,4959,144
1763357451,0000000100000001,107695054294,4961,145
1763357470,0000004000000008,107878585944,4864,146
1763357472,0000000800000001,107898296386,4845,147
1763357472,0000000400000008,107902200739,4842,148
1763357477,0000000800000004,107953944394,4820,149
1763357478,0000004000000004,107964115856,4815,150
1763357481,0000000400000080,107991382617,4784,151
1763357495,0000008000000002,108126383384,4715,152
1763357497,0000000100000004,108151190868,4697,153
1763357502,0000004000000008,108201945889,4661,154
1763357505,0000000800000004,108227391401,4655,155
1763357505,0000000100000004,108232633518,4651,156
1763357507,0000008000000080,108248110875,4631,157
1763357507,0000004000000001,108248629612,4630,158
1763357508,0000008000000080,108265187240,4598,159
1763357509,0000000400000004,108268843503,4598,160
1763357509,0000008000000080,108274274844,4600,161
1763357515,0000000400000001,108332279121,4575,162
1763357528,0000000400000004,108460535915,5120,163
1763357530,0000000800000002,108478711721,5131,164
1763357540,0000000100000001,108578159788,5072,165
1763357543,0000008000000080,108613406510,5041,166
1763357549,0000000100000001,108667019308,5026,167
1763357560,0000008000000080,108784793437,4952,168
1763357563,0000008000000080,108811299617,4956,169
1763357568,0000000400000001,108861529832,4908,170
1763357575,0000000400000004,108930793360,4888,171
1763357579,0000000800000001,108971155426,4862,172
1763357589,0000000800000004,109075173886,4813,173
1763357600,0000000400000001,109185775246,4735,174
1763357603,0000004000000004,109208553006,4510,175
1763357611,0000008000000080,109287558403,3525,176
1763357618,0000000400000004,109362115536,194,177
1763357624,0000008000000080,109420674479,3442,178
1763357636,0000000400000008,109537411549,213,179
1763357647,0000000800000080,109655508217,5297,180
1763357649,0000000100000001,109667612161,5297,181
1763357650,0000008000000080,109676780089,5298,182
1763357653,0000000400000002,109712767034,5271,183
1763357656,0000000100000008,109745211511,5250,184
1763357657,000000c000000080,109748302906,5251,185
1763357660,0000000100000006,109780120220,5247,186
1763357669,0000000400000008,109870216065,5188,187
1763357680,0000008000000080,109980446661,5090,188
1763357691,0000004000000080,110087484176,4537,189
1763357691,0000008000000004,110092155640,4539,190
1763357695,0000008000000004,110130522087,4530,191
1763357697,0000000800000001,110151322727,4459,192
1763357722,0000004000000080,110396684662,510,193
1763357723,0000000800000002,110406538323,484,194
1763357731,0000000100000001,110486189036,362,195
1763357735,0000008000000080,110535349553,187,196
1763357743,0000008000000080,110607967418,4533,197
1763357747,0000008000000004,110655259283,4506,198
1763357758,0000008000000002,110758263644,4446,199
1763357764,0000000800000002,110816483306,4430,200
1763357765,0000004000000001,110826865557,4405,201
1763357767,000000c000000080,110847791021,4399,202
1763357777,0000000800000002,110953257988,4341,203
1763357781,0000004000000040,110994715411,4321,204
1763357795,0000000100000004,111127163762,4080,205
1763357797,0000000400000001,111153436325,4076,206
1763357798,000000400000000c,111158789194,4061,207
1763357800,0000000100000008,111180532218,3460,208
1763357800,0000000100000004,111185267146,3178,209
1763357805,0000000800000004,111233204955,549,210
1763357811,000000c000000004,111290603587,5055,211
1763357813,0000000400000001,111309731549,4739,212
1763357814,0000000400000002,111322192722,4738,213
1763357818,0000000400000001,111365927217,4645,214
1763357830,0000008000000080,111485132406,4531,215
1763357838,0000004000000004,111563050684,2348,216
1763357847,0000008000000008,111649503471,4546,217
1763357859,0000000100000004,111767029024,4245,218
1763357860,0000000800000080,111782191716,3913,219
1763357878,0000000800000004,111958855033,4575,220
1763357883,0000000100000001,112012420199,4491,221
1763357889,0000000200000003,112067811566,2915,222
1763357892,0000000800000002,112104692344,1347,223
1763357899,0000000400000004,112174777267,4666,224
1763357900,0000000100000008,112179505523,4666,225
1763357901,0000004000000080,112188057235,4666,226
1763357908,0000000100000006,112260031497,2366,227
1763357944,0000000100000004,112622153666,1995,228
1763357950,0000000200000002,112679107540,4929,229
1763357960,0000008000000080,112784567266,2574,230
1763357962,000000c000000002,112803399954,2005,231
1763357970,0000004000000008,112876392008,4900,232
1763357979,0000008000000080,112969481202,2110,233
1763357990,0000000800000002,113080794760,4894,234
1763357997,0000004000000080,113149806433,2367,235
1763358006,0000000400000008,113245320175,163,236
1763358007,0000000400000002,113254963469,5334,237
1763358008,0000000100000001,113256761720,5331,238
1763358009,0000000400000004,113269123114,4934,239
1763358023,0000000400000080,113409730994,406,240
1763358027,0000008000000080,113453382146,4520,241
1763358036,0000008000000080,113538123808,1990,242
1763358037,0000000900000003,113546887720,1609,243
1763358046,0000004000000002,113644743187,3743,244
1763358052,0000000800000080,113705929509,2296,245
1763358055,0000008000000002,113735015908,1332,246
1763358067,0000000800000080,113850135583,3786,247
1763358072,0000004000000004,113899653333,1639,248
1763358081,0000000100000004,113993382698,3648,249
1763358098,0000000400000080,114164985816,4081,250
1763358110,0000000400000008,114276489426,1966,251
1763358120,0000000400000008,114384183313,5196,252
1763358124,0000008000000004,114417481070,3439,253
1763358130,0000008000000002,114478783765,2106,254
1763358143,0000008000000080,114611474789,3737,255
1763358143,0000008000000001,114615783711,3731,256
1763358144,0000000400000080,114623505682,3697,257
1763358148,0000000800000002,114660611149,2283,258
1763358156,0000000400000002,114740463032,4875,259
1763358161,0000004000000008,114794122857,3939,260
1763358167,0000000400000080,114852061185,3222,261
1763358173,0000000400000004,114911398592,1862,262
1763358175,0000000100000008,114932734328,730,263
1763358189,0000000100000002,115071816200,477,264
1763358198,0000000200000002,115162798552,4501,265
1763358200,0000000800000008,115182167322,4476,266
1763358202,0000004000000008,115204378354,4477,267
1763358203,0000004000000008,115211970417,4477,268
1763358212,0000000100000001,115305806158,4397,269
1763358213,0000000800000001,115311645596,4389,270
1763358214,0000008000000004,115319094677,4384,271
1763358220,0000000400000001,115378809802,4303,272
1763358220,0000000400000002,115382972231,4304,273
1763358220,0000000800000004,115383791184,4304,274
1763358222,0000000800000002,115398999389,4292,275
1763358226,0000008000000001,115437953337,4142,276
1763358226,0000004000000001,115442562098,4142,277
1763358247,0000000400000001,115651676980,4684,278
1763358264,0000008800000004,115821089460,4563,279
1763358266,0000004000000008,115842872958,4542,280
1763358269,0000004000000008,115866382674,4417,281
1763358275,0000004000000002,115930970539,4392,282
1763358288,0000008000000001,116060021306,1339,283
1763358297,0000008000000004,116154355271,4660,284
1763358301,0000000100000001,116195855326,4633,285
1763358313,0000000100000008,116307546470,2925,286
1763358314,0000000100000003,116318942183,2423,287
1763358338,0000000400000008,116565254460,3261,288
1763358340,0000000100000001,116577822375,2942,289
1763358343,0000000100000080,116611093757,2608,290
1763358345,0000000800000080,116632547793,1398,291
1763358349,0000000400000004,116674648379,567,292
1763358350,0000000400000080,116677813665,567,293
1763358351,0000000400000004,116694152136,550,294
1763358368,0000000100000002,116865427992,288,295
1763358374,0000000400000004,116924627885,237,296
1763358377,0000000100000004,116951500008,224,297
1763358384,0000000800000080,117020609233,169,298
1763358387,0000008000000001,117046843963,5333,299
1763358395,0000000400000004,117129873209,5271,300
1763358405,0000000800000080,117234272693,5133,301
1763358407,0000000100000001,117250039188,4739,302
1763358409,0000000100000001,117271988342,4713,303
1763358409,0000000400000004,117274628387,4711,304
1763358415,0000008000000080,117329501933,4679,305
1763358425,0000008000000080,117427562313,4596,306
1763358455,0000000100000001,117734562939,4259,307
1763358476,0000000400000002,117942512346,2292,308
1763358478,0000008000000008,117958499627,1344,309
1763358482,0000000100000008,118004423703,735,310
1763358484,0000002000000040,118022534585,5241,311
1763358491,0000000100000003,118090407043,4795,312
1763358493,0000000800000001,118114230149,4600,313
1763358496,0000000100000004,118138272602,4607,314
1763358499,0000008000000008,118172722463,4568,315
1763358501,0000000100000004,118187881681,4562,316
1763358518,0000008000000002,118362007667,4475,317
1763358521,0000000100000001,118390184121,4476,318
1763358531,0000008000000002,118494287626,4415,319
1763358536,0000008000000080,118538497616,4332,320
1763358540,0000000800000001,118584934763,4318,321
1763358541,0000004000000004,118586558817,4317,322
1763358547,0000008800000080,118654357225,1715,323
1763358550,0000004000000004,118679024538,1145,324
1763358551,0000008000000004,118693625257,948,325
1763358564,0000004400000002,118818580983,4652,326
1763358575,0000000400000001,118928867568,4606,327
1763358584,0000000100000004,119024360176,4543,328
1763358586,0000000300000001,119042307377,4500,329
1763358587,0000000800000002,119051903888,4507,330
1763358590,0000000100000005,119077350756,4505,331
1763358591,0000000400000001,119091292012,4509,332
1763358594,0000000800000001,119122755825,4427,333
1763358595,0000000800000004,119125902726,4413,334
1763358599,0000004000000008,119166848582,4402,335
1763358608,0000000400000001,119257958984,4171,336
1763358609,0000008000000008,119271951637,4168,337
1763358625,0000004000000002,119429565278,4704,338
1763358625,0000008000000080,119435434216,4704,339
1763358629,0000004000000002,119472578599,4650,340
1763358638,0000004800000080,119558174729,4604,341
1763358647,0000000400000002,119651813638,4494,342
1763358666,0000000100000001,119839999374,5028,343
1763358666,0000000800000080,119844668025,4804,344
1763358674,0000000800000001,119916954658,4500,345
1763358682,0000004000000004,120002972926,3749,346
1763358689,0000008000000080,120068688943,1307,347
1763358695,0000000400000001,120130009388,4719,348
1763358696,0000000100000001,120137870586,4717,349
1763358699,0000004000000002,120169144753,4617,350
1763358720,0000008000000004,120375953051,4758,351
1763358723,0000008000000004,120412267357,4705,352
1763358733,0000004000000002,120515113581,3895,353
1763358744,0000008000000080,120621734620,5011,354
1763358745,0000000100000001,120635129416,4838,355
1763358748,0000004000000001,120664989729,4793,356
1763358752,0000004000000080,120703084771,4589,357
1763358754,0000000800000004,120718956796,4589,358
1763358757,0000008000000080,120751297858,4565,359
1763358758,0000004000000080,120759768386,4456,360
1763358761,0000000100000004,120793645922,2870,361
1763358773,0000000800000008,120905984066,4910,362
1763358775,0000000200000004,120935368054,4838,363
1763358776,0000000400000080,120943056998,4827,364
1763358778,0000004000000004,120955965725,4463,365
1763358778,0000000400000004,120956598313,4430,366
1763358784,0000000800000001,121021939764,1245,367
1763358788,0000000800000001,121059819469,4859,368
1763358793,0000008000000080,121106657652,4751,369
1763358797,0000000100000003,121147637617,3252,370
1763358799,0000000800000002,121174766705,2214,371
1763358806,0000008000000080,121244853511,5123,372
1763358807,0000000100000001,121250786724,5123,373
1763358814,0000000800000008,121318882106,3669,374
1763358826,0000000400000002,121443178249,354,375
1763358832,0000008000000080,121502611249,176,376
1763358859,0000004000000008,121768884517,4285,377
1763358859,0000000100000001,121769953002,4285,378
1763358865,0000000100000001,121830799618,2115,379
1763358867,0000008000000080,121855338029,1588,380
1763358871,0000008000000002,121892544130,915,381
1763358871,0000000100000001,121894300955,835,382
1763358872,0000000100000080,121900085132,502,383
1763358889,0000008000000080,122067914352,1390,384
1763358894,0000000100000002,122125005618,477,385
1763358900,0000004000000080,122176588591,4257,386
1763358916,0000000100000001,122340065345,4948,387
1763358925,0000004000000001,122430299290,2453,388
1763358933,0000008000000080,122506687567,179,389
1763358946,0000008000000008,122644523217,2135,390
1763358951,0000000100000001,122692616105,4882,391
1763358959,0000008000000008,122766748962,3924,392
1763358975,0000000200000008,122932466929,260,393
1763358987,0000004000000001,123046944833,2407,394
1763358988,0000004000000008,123062881227,2366,395
1763359001,0000000100000003,123189436231,4139,396
1763359012,0000004000000080,123298933757,3252,397
1763359019,0000008000000080,123374549821,1719,398
1763359031,0000004000000080,123487024280,1596,399
1763359034,000000c000000080,123516224048,746,400
1763359042,0000000100000001,123603230456,4534,401
1763359043,0000004000000002,123608725107,4527,402
1763359046,0000000800000001,123642485619,4474,403
1763359049,0000008000000002,123667688635,4475,404
1763359061,0000008000000001,123786052639,4381,405
1763359067,0000000800000001,123854824139,4318,406
1763359068,0000004000000008,123861264269,4310,407
1763359072,0000000400000008,123898468944,4177,408
1763359085,0000000400000002,124029211130,3555,409
1763359094,0000000400000002,124117911864,282,410
1763359103,0000000100000003,124207129870,4599,411
1763359110,0000000100000004,124283128424,4563,412
1763359124,0000000100000008,124418584036,3854,413
1763359126,0000004000000002,124445010047,3796,414
1763359166,0000000100000004,124840670498,4681,415
1763359168,0000000800000002,124858916972,5868,416
1763359168,0000000100000008,124859607225,4686,417
1763359176,0000000400000000,124942990336,4129,418
1763359181,0000000400000004,124990256867,4120,419
1763359182,0000000100000080,125004023759,3985,420
1763359183,0000004000000002,125012627675,3804,421
1763359187,0000008000000080,125052951494,3273,422
