1762311744,0000000200000001,6035623877,2112,678
1762311754,0000000800000002,6132797027,1466,679
1762311779,0000000400000001,6384068769,1934,680
1762311797,0000000100000004,6568382095,1238,681
1762311817,0000008000000080,6759685990,5313,682
1762311817,0000008000000080,6763151139,5105,683
1762311820,0000000900000004,6797011002,3057,684
1762311822,0000004000000004,6815228296,1973,685
1762311827,0000000c00000005,6867139726,4057,686
1762311832,0000000800000080,6915455738,1141,687
1762311842,0000000300000001,7018079019,168,688
1762311843,0000000800000008,7018289981,162,689
1762311850,0000000100000008,7092021667,914,690
1762311864,0000000800000008,7236495159,2596,691
1762311899,0000000100000005,7585442287,2387,692
1762311909,0000000400000080,7684513091,1633,693
1762311929,0000008000000080,7888336966,4956,694
1762311942,0000004000000080,8012878920,2647,695
1762311970,0000000800000080,8296662372,1173,696
1762311987,0000008000000001,8468074984,1252,697
1762311990,0000000100000002,8495080418,4826,698
1762312001,0000000100000001,8602356961,3563,699
1762312002,0000008000000080,8615294404,2771,700
1762312006,0000000100000004,8655041366,401,701
1762312012,0000000100000001,8716332962,1902,702
1762312012,0000004000000004,8717705578,1819,703
1762312018,0000000100000008,8768809372,3948,704
1762312020,0000000100000008,8793994744,2415,705
1762312021,000000c000000080,8803230851,1869,706
1762312027,0000000100000004,8858720039,3730,707
1762312036,0000000800000080,8949222380,3475,708
1762312036,0000000100000001,8956577563,3021,709
1762312053,0000008000000080,9124069206,3340,710
1762312056,0000000400000002,9149772337,1802,711
1762312066,0000008000000080,9254564953,697,712
1762312081,0000004000000008,9401180962,2256,713
1762312084,0000000100000003,9430912767,481,714
1762312094,0000000100000002,9534354906,4650,715
1762312120,0000000100000004,9792356908,4712,716
1762312123,0000000100000001,9820828074,2978,717
1762312136,0000004000000080,9954434606,162,718
1762312137,0000000400000001,9961645945,4913,719
1762312141,0000004000000008,9999376910,2628,720
1762312149,0000008000000008,10080279522,2955,721
1762312149,0000000800000001,10088389921,2470,722
1762312162,0000000100000001,10215125889,5245,723
1762312163,0000000100000004,10219858064,4964,724
1762312177,0000000800000004,10361690322,1627,725
1762312182,0000000800000080,10408892469,3990,726
1762312206,0000000800000001,10651345049,4980,727
1762312219,0000008800000002,10785200279,2118,728
1762312221,0000000400000080,10805966895,878,729
1762312223,0000000800000001,10827330220,4789,730
1762312224,0000004000000002,10834547147,4361,731
1762312230,0000000100000001,10898094228,533,732
1762312238,0000000400000004,10968670521,1477,733
1762312238,0000000100000080,10970454362,1370,734
1762312256,0000000100000001,11151884308,849,735
1762312258,0000000400000001,11172092274,4827,736
1762312265,0000000100000008,11246118026,376,737
1762312271,0000000400000002,11301672041,2217,738
1762312272,0000000400000008,11316278793,1346,739
1762312276,0000000100000002,11352792924,4353,740
1762312284,0000000800000004,11433244039,4704,741
1762312287,0000000100000002,11461167365,3003,742
1762312287,0000004000000002,11462319595,2934,743
1762312304,0000004000000002,11630049749,3238,744
1762312310,0000008000000001,11694809374,4556,745
1762312312,0000000100000001,11714235126,3370,746
1762312326,0000000800000002,11855635368,5260,747
1762312334,0000000100000001,11937396520,349,748
1762312335,0000000400000002,11942282864,5241,749
1762312336,0000000400000008,11952047397,4657,750
1762312358,0000008000000080,12173289771,1738,751
1762312361,000000c000000080,12204987819,5026,752
1762312368,0000000100000001,12276469460,729,753
1762312383,0000004000000002,12427641613,2018,754
1762312386,0000004000000004,12453141443,493,755
1762312395,000000c000000080,12547750635,5183,756
1762312399,0000000100000001,12588273040,2735,757
1762312410,0000000200000010,12696082893,1460,758
1762312431,0000004000000004,12904589664,4508,759
1762312451,0000008000000080,13099398145,3157,760
1762312458,0000004400000001,13173778356,3896,761
1762312477,0000000100000004,13362557675,2906,762
1762312496,0000008000000006,13554761709,1750,763
1762312499,0000004000000008,13581090946,341,764
1762312507,0000000400000002,13663952239,381,765
1762312530,0000000100000001,13892139598,2227,766
1762312538,0000008000000080,13978064130,2252,767
1762312548,0000004000000001,14068641689,2003,768
1762312552,0000000100000001,14112834567,4551,769
1762312563,0000000100000002,14225858472,2920,770
1762312585,0000000800000002,14443863778,216,771
1762312593,0000000800000080,14528427228,324,772
1762312598,0000008000000080,14570655807,5919,773
1762312599,0000000100000080,14585524388,2075,774
1762312601,0000000400000080,14605147171,904,775
1762312607,000000c000000080,14658817072,2849,776
1762312611,0000000100000001,14701204006,320,777
1762312612,0000000400000002,14711179742,4910,778
1762312646,0000000800000001,15056205679,4933,779
1762312649,0000008000000080,15085576969,3154,780
1762312669,0000000800000002,15284820783,1571,781
1762312682,0000008000000080,15413678592,4219,782
1762312686,0000000100000080,15457358500,1580,783
1762312689,0000000800000008,15485939040,5053,784
1762312710,0000008000000008,15691529868,3061,785
1762312724,0000008000000001,15835505976,4809,786
1762312734,0000004000000001,15931052962,4262,787
1762312742,0000008000000080,16008965828,4765,788
1762312742,0000004000000001,16016317793,4328,789
1762312746,0000004000000080,16055339835,1968,790
1762312762,0000000800000008,16218035634,2559,791
1762312763,0000000800000008,16226103756,2083,792
1762312771,0000004000000082,16306710746,2421,793
1762312784,0000004000000004,16437270371,4968,794
1762312787,0000000800000004,16458702592,3680,795
1762312796,0000000800000004,16556046464,3002,796
1762312814,0000000800000001,16732356789,2784,797
1762312818,0000000100000008,16769018780,599,798
1762312874,0000000800000002,17334744860,2908,799
1762312888,0000000100000001,17473777979,4951,800
1762312891,0000000800000002,17503323132,3160,801
1762312895,0000000100000003,17544093755,723,802
1762312909,0000008000000001,17679373123,2957,803
1762312909,0000000400000004,17683532644,2707,804
1762312909,0000008000000080,17687262606,2485,805
1762312910,0000008400000080,17691592581,2231,806
1762312924,0000004000000002,17836214989,3934,807
1762312947,0000000400000008,18067551781,405,808
1762312957,0000008000000080,18162084154,5100,809
1762312962,0000008000000080,18209949469,2216,810
1762312972,0000000800000001,18313699055,1176,811
1762312978,0000008000000080,18369325942,3009,812
1762312985,0000000100000001,18447472065,3515,813
1762312996,0000004000000008,18554266005,2280,814
1762312999,0000000800000008,18585411627,419,815
1762312999,0000000100000001,18587342034,302,816
1762313016,0000000400000001,18755647633,567,817
1762313042,0000000100000002,19016612829,453,818
1762313047,0000008000000080,19068420727,2513,819
1762313058,0000000200000008,19178358893,1108,820
1762313063,0000004000000002,19220326133,3781,821
1762313073,0000000100000080,19323285457,2763,822
1762313095,0000000100000001,19545359153,5002,823
1762313120,0000004000000001,19790105970,672,824
1762313125,0000000400000004,19838814328,2916,825
1762313138,0000000100000001,19975205987,5116,826
1762313162,0000004000000008,20217216692,952,827
1762313181,0000000400000004,20402640003,187,828
1762313197,0000008000000008,20567591092,652,829
1762313215,0000004800000008,20740291664,653,830
1762313240,0000000400000080,20992988342,1034,831
1762313255,0000008000000002,21142859611,2396,832
1762313265,0000000100000080,21242477245,1608,833
1762313272,0000008000000080,21316828094,2321,834
1762313277,0000000100000002,21360124335,4921,835
1762313285,0000008000000080,21440371408,5283,836
1762313301,0000000400000001,21600953756,824,837
1762313322,0000008000000001,21815998568,3464,838
1762313322,0000004000000004,21816019025,3462,839
1762313327,0000004000000008,21867142526,397,840
1762313339,0000000100000080,21983368054,3794,841
1762313345,0000008000000004,22046770021,5166,842
1762313348,0000000100000008,22071786158,3668,843
1762313350,0000000100000001,22093183885,2369,844
1762313367,0000004000000008,22264222254,2466,845
1762313385,0000008000000001,22445709979,1949,846
1762313390,0000008000000001,22493771337,4264,847
1762313391,0000000400000001,22501613716,3786,848
1762313399,0000000100000080,22583315340,4070,849
1762313414,0000000100000004,22737769003,5155,850
1762313415,0000000400000080,22742026844,4904,851
1762313431,0000000100000001,22902260656,462,852
1762313433,0000000100000001,22921405994,4511,853
1762313457,0000000100000080,23161608833,445,854
1762313473,0000000400000008,23324501463,1031,855
1762313476,0000000800000008,23348404047,4790,856
1762313502,0000008000000080,23612228754,4509,857
1762313511,0000008400000004,23702724125,4261,858
1762313530,0000000400000001,23893866499,3127,859
1762313543,0000000100000001,24026458642,364,860
1762313546,0000008000000008,24052610886,3990,861
1762313550,0000004000000008,24088944491,1795,862
1762313566,0000000800000008,24252653198,2328,863
1762313580,0000000400000080,24392012740,4352,864
1762313588,0000000100000001,24471341974,4769,865
1762313597,0000000500000001,24564736047,4352,866
1762313601,0000000100000001,24599052183,2269,867
1762313607,0000000800000080,24667804089,3325,868
1762313634,0000000800000008,24935653823,2791,869
1762313636,0000004000000002,24951116014,1875,870
1762313665,0000000400000001,25244317564,5014,871
1762313669,0000000400000080,25278977266,2915,872
1762313672,0000004000000002,25312054098,944,873
1762313675,0000004400000001,25346035265,4101,874
1762313707,0000000200000001,25667034458,369,875
1762313708,0000008000000004,25678149563,4893,876
1762313710,0000000800000001,25691088152,4123,877
1762313721,0000008000000080,25801345315,2660,878
1762313723,0000000400000080,25818946515,1617,879
1762313730,0000000400000001,25889501393,2552,880
1762313737,0000004000000001,25964738366,3221,881
1762313738,0000004000000080,25974744404,2620,882
1762313738,0000008000000002,25975678692,2564,883
1762313746,0000004000000080,26053052487,3102,884
1762313750,0000000800000008,26097627900,438,885
1762313766,0000008000000080,26248851935,1727,886
1762313773,0000004000000080,26323257249,2432,887
1762313774,0000008000000080,26331939617,1921,888
1762313778,0000000100000001,26369771446,4843,889
1762313786,0000000400000002,26449257796,5250,890
1762313789,0000000100000080,26482040762,3271,891
1762313792,0000008000000080,26509377541,1638,892
1762313794,0000000800000080,26532332603,260,893
1762313798,0000008000000080,26569477342,3203,894
1762313803,0000008000000001,26626896225,4956,895
1762313814,0000000400000008,26735222750,3636,896
1762313841,0000004000000008,27001495202,3187,897
1762313863,0000000400000002,27223964350,210,898
1762313872,0000000100000001,27311045234,165,899
1762313881,0000000100000001,27398384873,5294,900
1762313888,0000000100000001,27474668393,710,901
1762313908,0000000400000080,27668612914,4631,902
1762313911,0000004000000001,27706882413,2315,903
1762313925,0000004000000004,27840887549,4656,904
1762313959,0000000400000002,28186882313,4621,905
1762313964,0000000800000080,28232287571,1881,906
1762313976,0000004000000001,28352931786,5013,907
1762313989,0000000400000001,28487277132,2122,908
1762313993,0000000100000001,28522304334,5209,909
1762313993,0000000800000001,28524253295,5093,910
1762313994,0000008000000080,28536964335,4342,911
1762314014,0000004000000080,28737609947,2636,912
1762314015,0000000400000008,28737922212,2619,913
1762314033,0000000400000001,28924584648,1791,914
1762314037,0000000400000002,28959314873,4899,915
1762314078,0000004000000008,29377411965,528,916
1762314085,0000008000000008,29447573175,1498,917
1762314086,0000000400000008,29457247545,917,918
1762314102,0000008000000088,29608754629,2184,919
1762314110,0000008000000080,29694543311,2217,920
1762314118,0000000400000002,29775020342,2564,921
1762314118,0000000400000002,29775159814,2555,922
1762314135,0000000800000008,29946456255,2639,923
1762314145,0000000100000001,30046145307,1851,924
1762314158,0000000400000004,30169874424,4801,925
1762314161,0000004000000080,30202510096,2817,926
1762314166,0000008000000080,30252797815,5002,927
1762314168,0000008000000008,30269073127,4032,928
1762314197,0000008000000080,30566979986,1686,929
1762314199,0000000100000001,30585521049,574,930
1762314209,0000008000000080,30683021452,5091,931
1762314213,0000000100000001,30719735316,2869,932
1762314213,0000000100000001,30721973370,2736,933
1762314215,0000000800000001,30741122739,1600,934
1762314215,0000000800000004,30742641888,1508,935
1762314228,0000008000000080,30871663821,4144,936
1762314230,0000004000000008,30896456236,2630,937
1762314245,0000008000000008,31047416529,3959,938
1762314247,0000000400000080,31058365317,3282,939
1762314257,0000000100000080,31161369271,2283,940
1762314261,0000004000000080,31206784017,4757,941
1762314269,0000000100000008,31278424665,447,942
1762314299,000000030000000a,31587553393,2612,943
1762314303,0000000100000008,31622504777,526,944
1762314335,0000000100000001,31938867719,2263,945
1762314335,0000000400000004,31941858678,2085,946
1762314342,0000000100000001,32012581161,3014,947
1762314343,0000004000000002,32027492730,2128,948
1762314363,0000004000000080,32220119740,937,949
1762314390,0000000100000002,32494292984,5213,950
1762314398,0000000800000002,32571713728,566,951
1762314412,0000000100000001,32713190233,2429,952
1762314427,0000000100000001,32858911965,4070,953
1762314443,0000000800000008,33021412171,4681,954
1762314446,0000000100000001,33050815224,2891,955
1762314464,0000000100000001,33229177504,2554,956
1762314464,0000000100000001,33230851777,2455,957
1762314468,0000000100000002,33268473361,206,958
1762314480,0000000400000004,33394937177,2968,959
1762314482,0000000100000003,33410876562,2023,960
1762314495,0000008000000001,33542472691,4507,961
1762314504,0000004000000001,33635266712,4120,962
1762314509,0000008000000080,33680337026,1400,963
1762314517,0000000100000004,33761793292,1694,964
1762314518,0000004000000080,33776105371,834,965
1762314525,0000004000000004,33839456315,2209,966
1762314531,0000000100000001,33901960385,3651,967
1762314532,0000008000000004,33914426922,2884,968
1762314533,0000000100000084,33927426172,2114,969
1762314546,0000000800000002,34051533225,5039,970
1762314547,0000008000000080,34061871825,4429,971
1762314557,0000008000000002,34159503221,3744,972
1762314559,0000000100000001,34182034712,2376,973
1762314563,0000008000000002,34224376499,5031,974
1762314569,0000004000000001,34286015875,1326,975
1762314576,000000c000000080,34348539332,2744,976
1762314594,0000008000000004,34533745120,2004,977
1762314615,0000008000000002,34738832151,5247,978
1762314670,0000000800000008,35291771742,3142,979
1762314673,0000008000000020,35320219610,1447,980
1762314683,0000000100000004,35420316632,621,981
1762314685,0000000800000008,35447944099,4161,982
1762314700,0000008000000080,35591809915,693,983
1762314700,0000000400000001,35597091130,377,984
1762314747,0000000100000001,36064754524,3401,985
1762314749,0000004000000080,36079006469,2537,986
1762314763,0000008000000002,36222323827,4329,987
1762314766,0000000100000001,36249293065,2682,988
1762314769,0000000400000002,36287828356,382,989
1762314787,0000000100000004,36467334828,5160,990
1762314803,0000000800000080,36621983049,1057,991
1762314823,0000004000000004,36818293626,4832,992
1762314826,0000000800000001,36857812589,2441,993
1762314831,0000008000000008,36906134987,4745,994
1762314835,0000000800000004,36945769814,2346,995
1762314854,0000008000000008,37129560678,1690,996
1762314862,0000008000000002,37215158743,1734,997
1762314874,0000000100000001,37334122004,4966,998
1762314874,0000000100000002,37336633604,4818,999
1762314882,0000000300000001,37412948318,227,1000
1762314888,0000008000000001,37471744796,1883,1001
1762314890,0000000400000080,37497654092,328,1002
1762314905,0000008000000008,37639354073,2184,1003
1762314910,0000000800000010,37692885628,4174,1004
1762314912,0000004000000080,37710989077,3059,1005
1762314919,0000008000000008,37778033789,4247,1006
1762314919,000000c000000004,37782132301,3998,1007
1762314920,0000000400000004,37789484551,3544,1008
1762314947,0000008000000080,38067501519,2397,1009
1762314955,0000008000000008,38139334090,3268,1010
1762314956,0000000400000002,38150602106,2589,1011
1762314957,0000008000000080,38166375387,1653,1012
1762314959,0000000200000004,38185025481,534,1013
1762314979,0000004000000001,38382578533,4242,1014
1762314979,0000008000000080,38384236695,4142,1015
1762314983,0000008000000080,38422411819,1836,1016
1762315006,0000000100000001,38651405821,3643,1017
1762315016,0000000800000080,38756197897,2521,1018
1762315020,0000000400000001,38796790071,5282,1019
1762315024,0000008000000080,38834375670,3009,1020
1762315025,0000000100000001,38846548194,2287,1021
1762315030,0000000800000002,38894676591,4601,1022
1762315030,0000000100000001,38895712307,4538,1023
1762315045,0000000100000001,39044699571,763,1024
1762315051,0000000400000004,39106677888,2222,1025
1762315061,0000000100000080,39204280195,1552,1026
1762315061,0000004400000002,39204407607,1544,1027
1762315081,0000000100000008,39405787964,5013,1028
1762315092,0000000100000008,39510918210,3890,1029
1762315104,0000000100000080,39637910265,1441,1030
1762315105,0000008000000004,39640234517,1300,1031
1762315124,0000000800000002,39836437093,5078,1032
1762315132,0000008000000004,39911537977,566,1033
1762315149,0000000800000004,40083857344,590,1034
1762315154,0000000800000008,40130438383,2963,1035
1762315168,0000000100000009,40272122509,4847,1036
1762315170,0000000800000001,40288936556,3838,1037
1762315180,0000000400000008,40389103272,2987,1038
1762315184,0000000800000002,40431383760,462,1039
1762315186,0000000100000001,40449920112,4546,1040
1762315188,0000000400000004,40468023520,3443,1041
1762315217,0000004000000008,40759288002,1513,1042
1762315229,0000000800000008,40880279288,4629,1043
1762315239,0000000800000080,40981127974,3754,1044
1762315249,0000000400000001,41085757363,2637,1045
1762315251,0000008000000001,41099955386,1798,1046
1762315255,0000000400000080,41147324625,4151,1047
1762315270,0000000800000002,41291458819,669,1048
1762315284,0000000100000003,41432004882,2588,1049
1762315284,0000008000000001,41437865099,2242,1050
1762315288,0000000100000001,41472938322,5328,1051
1762315289,0000008000000080,41479323445,4948,1052
1762315290,0000000100000080,41492095194,4190,1053
1762315321,0000000100000001,41798948885,1306,1054
1762315326,0000000100000002,41849695815,3441,1055
1762315348,0000000400000002,42067953518,709,1056
1762315352,0000000100000004,42115987019,2996,1057
1762315353,0000008000000080,42119029477,2813,1058
1762315361,0000000800000002,42199778841,3151,1059
1762315372,0000000100000001,42311892567,1618,1060
1762315389,0000000400000001,42481416446,1808,1061
1762315391,0000000100000001,42506185327,321,1062
1762315395,0000000100000008,42540951532,3414,1063
1762315400,0000008000000080,42588763805,549,1064
1762315403,0000004000000001,42621476014,3776,1065
1762315407,0000000100000002,42663339334,1253,1066
1762315425,0000000100000004,42847233931,585,1067
1762315427,0000008000000002,42863871828,4778,1068
1762315437,0000000400000001,42962648192,4035,1069
1762315454,0000000400000008,43129862218,4366,1070
1762315464,0000004000000080,43234656815,3235,1071
1762315503,0000000100000001,43622730619,682,1072
1762315526,0000004000000004,43849596433,2602,1073
1762315535,0000000400000002,43945683359,2028,1074
1762315538,0000000100000003,43968733369,648,1075
1762315541,000000800000000a,44006680831,3554,1076
1762315543,0000000800000001,44022484346,2592,1077
1762315544,0000008000000080,44036540417,1761,1078
1762315547,0000000800000004,44061447489,264,1079
1762315550,0000000400000008,44092102184,3611,1080
1762315560,0000004000000080,44196772265,2496,1081
1762315568,0000000100000001,44270285200,3270,1082
1762315572,0000000800000001,44314626415,617,1083
1762315583,0000000100000001,44419885648,4677,1084
1762315601,0000000400000001,44599457228,4268,1085
1762315605,0000000100000001,44642579647,1666,1086
1762315615,0000000100000080,44740541786,968,1087
1762315621,0000000400000002,44798338244,2670,1088
1762315671,0000008000000001,45300272684,3657,1089
1762315671,0000000800000008,45307748145,3193,1090
1762315680,0000008000000008,45388682504,3529,1091
1762315685,0000000300000001,45440100622,441,1092
1762315716,0000000100000001,45748238766,2666,1093
1762315720,0000000100000004,45788842761,241,1094
1762315726,0000000400000080,45852055845,1632,1095
1762315733,0000008000000004,45926595339,2331,1096
1762315738,0000008000000004,45972092797,4801,1097
1762315744,0000000100000004,46033613763,1099,1098
1762315748,0000000100000001,46072489054,3961,1099
1762315751,0000008000000080,46098710089,2366,1100
1762315764,0000000100000001,46229598686,4893,1101
1762315769,0000004000000004,46279998662,1860,1102
1762315771,0000000100000004,46302974956,479,1103
1762315782,0000000800000008,46408666235,4518,1104
1762315803,0000000100000001,46618444886,2271,1105
1762315825,0000000400000080,46839968479,4544,1106
1762315829,0000000400000001,46887310174,1689,1107
1762315831,0000008000000004,46901644860,825,1108
1762315834,0000008000000080,46935878205,3968,1109
1762315835,0000008000000002,46940316805,3695,1110
1762315835,0000008000000080,46942657328,3550,1111
1762315836,0000000100000008,46951597775,2999,1112
1762315845,0000008000000080,47047646577,2421,1113
1762315875,0000000400000080,47340192591,420,1114
1762315876,0000004000000001,47356543662,4634,1115
1762315895,0000000100000001,47543400543,3780,1116
1762315902,0000000c00000001,47614040868,4726,1117
1762315907,0000008000000008,47659706414,1972,1118
1762315958,0000000200000001,48174546253,2166,1119
1762315961,0000000800000002,48202324150,502,1120
1762315974,0000000400000004,48336620462,2793,1121
1762315991,000000c000000080,48505488946,3025,1122
1762316000,0000000100000004,48595369074,2812,1123
1762316017,0000008000000080,48761435593,3214,1124
1762316039,0000004000000004,48987518927,5205,1125
1762316040,0000000c00000008,48993061057,4877,1126
1762316047,0000000100000008,49060383114,828,1127
1762316055,0000000400000080,49145331917,913,1128
1762316061,0000000400000004,49203899076,2570,1129
1762316073,0000008000000080,49319766037,807,1130
1762316075,0000000400000008,49345763958,4448,1131
1762316085,0000000400000080,49441426542,3883,1132
1762316093,0000008000000080,49521829025,4246,1133
1762316109,0000000100000001,49680661705,5067,1134
1762316118,0000008000000004,49777548497,4446,1135
1762316131,0000004000000004,49900627946,2221,1136
1762316138,0000000100000008,49976419510,2845,1137
1762316153,0000000800000008,50124128152,4375,1138
1762316156,0000008000000080,50148710913,2869,1139
1762316161,0000000800000002,50200670454,4956,1140
1762316164,0000008100000087,50228763579,3253,1141
1762316167,0000008000000002,50265558305,1054,1142
1762316192,0000000400000004,50517050420,1509,1143
1762316196,0000008000000002,50557649481,4269,1144
1762316203,0000000100000008,50619122604,563,1145
1762316212,0000000800000001,50714070537,5233,1146
1762316231,0000008000000001,50902412610,4307,1147
1762316238,0000000800000080,50973711051,5198,1148
1762316243,0000008000000080,51021182243,2337,1149
1762316244,0000004000000002,51035739372,1472,1150
1762316263,0000000100000001,51217706680,914,1151
1762316264,0000000800000002,51235522004,5034,1152
1762316274,0000000100000009,51336717043,4153,1153
1762316282,0000000400000004,51412031060,4811,1154
1762316291,0000000100000002,51499271655,4758,1155
1762316302,0000004000000080,51609247338,3321,1156
1762316313,0000000800000080,51724683034,1584,1157
1762316320,0000004000000002,51793217727,2641,1158
1762316325,0000004000000008,51842474525,4887,1159
1762316344,0000008000000008,52031772867,3894,1160
1762316352,0000004000000004,52113980416,4147,1161
1762316355,0000008000000008,52142966153,2382,1162
1762316380,0000000200000008,52392065734,2975,1163
1762316385,0000000800000004,52439842025,5307,1164
1762316392,0000008000000080,52512215826,959,1165
1762316414,0000000800000080,52734795193,3137,1166
1762316425,0000008000000004,52842606208,1861,1167
1762316428,0000008000000080,52867953109,340,1168
1762316432,0000000100000001,52915613541,2650,1169
1762316439,0000008000000008,52978701152,4072,1170
1762316440,0000000400000002,52987966429,3502,1171
1762316449,0000008000000080,53082711821,2984,1172
1762316453,0000008000000080,53123811263,531,1173
1762316455,0000000100000002,53137986598,4871,1174
1762316462,0000000800000006,53216399382,162,1175
1762316470,0000008000000080,53293255618,726,1176
1762316471,0000000100000001,53301000450,262,1177
1762316479,0000000800000004,53384997708,403,1178
1762316487,0000000100000004,53466720777,681,1179
1762316501,0000000100000004,53599619345,3057,1180
1762316519,0000000100000004,53781157662,2530,1181
1762316531,0000000100000003,53902649759,430,1182
1762316548,0000000100000080,54074397869,487,1183
1762316557,0000000800000008,54159460182,566,1184
1762316557,0000000100000008,54165225767,219,1185
1762316558,0000000400000004,54170385097,5097,1186
1762316572,0000000100000080,54316560374,1500,1187
1762316574,0000004000000080,54332262783,558,1188
1762316593,0000008000000008,54524778457,4566,1189
1762316604,0000000100000001,54637046527,2983,1190
1762316612,0000000100000001,54708233438,3919,1191
1762316627,0000000400000002,54858651322,5248,1192
1762316634,0000004000000005,54932096187,834,1193
1762316653,0000000800000002,55121207744,5039,1194
1762316656,0000000400000080,55157175978,2859,1195
1762316669,000000010000000d,55286457442,297,1196
1762316717,0000000800000008,55757838213,3090,1197
1762316727,0000008000000080,55864339106,1892,1198
1762316756,0000000100000004,56152039413,172,1199
1762316759,0000004000000001,56178616959,3768,1200
1762316768,0000008000000001,56275503348,3116,1201
1762316769,0000000800000004,56279027794,2902,1202
1762316769,0000000100000004,56281620430,2748,1203
1762316778,0000000100000001,56375475204,2303,1204
1762316828,0000000800000080,56871123463,3663,1205
1762316836,0000000100000080,56948498348,4213,1206
1762316836,0000008000000001,56951634870,4022,1207
1762316862,0000008000000080,57209745105,4080,1208
1762316871,0000000800000080,57301154797,3770,1209
1762316873,0000000100000001,57323763200,2395,1210
1762316881,0000000400000001,57402068270,2873,1211
1762316884,0000008000000001,57435186645,897,1212
1762316886,0000004000000008,57453948830,4963,1213
1762316931,0000000100000001,57903796533,3881,1214
1762316938,0000008000000004,57976490745,4701,1215
1762316940,0000000800000008,57997308133,3437,1216
1762316943,0000008000000001,58026121462,1712,1217
1762316967,0000000800000080,58260992476,3150,1218
1762316967,0000008000000080,58265029186,2904,1219
1762316972,0000000800000008,58310979843,162,1220
1762316984,0000000800000004,58429712815,3395,1221
1762316990,0000000400000001,58491489304,4884,1222
1762317024,0000000100000004,58832528102,5141,1223
1762317053,0000000800000001,59124953273,3123,1224
1762317079,0000000100000004,59386650697,2961,1225
1762317091,0000000800000080,59502882302,1181,1226
1762317092,0000000100000001,59507630075,895,1227
1762317105,0000008000000080,59645281351,2987,1228
1762317115,0000004000000004,59739718699,2504,1229
1762317124,0000000100000001,59830438222,2247,1230
1762317127,0000000400000008,59862782007,311,1231
1762317130,0000008000000001,59889535972,3900,1232
1762317137,0000008000000004,59960918431,4796,1233
1762317141,0000000400000001,59999490010,2461,1234
1762317184,000000c000000080,60434172102,2289,1235
1762317188,0000000800000001,60475252298,5018,1236
1762317201,0000000800000008,60598710715,2771,1237
1762317209,0000008000000080,60682204318,2942,1238
1762317214,0000008800000080,60728980695,162,1239
1762317231,0000008000000002,60901782354,5328,1240
1762317244,0000004000000080,61033837450,2571,1241
1762317259,0000008000000004,61181987553,4070,1242
1762317269,0000000100000004,61278325025,3454,1243
1762317270,0000000100000003,61297067301,2325,1244
1762317271,0000008000000002,61304094515,1910,1245
1762317279,0000000300000008,61379667209,2545,1246
1762317281,0000000100000008,61399841703,1346,1247
1762317285,0000000100000004,61444444314,3862,1248
1762317293,0000008000000002,61521842033,4404,1249
1762317296,0000000100000002,61557128498,2265,1250
1762317298,0000000400000002,61570848574,1448,1251
1762317301,0000000200000080,61606580441,4500,1252
1762317361,0000000800000002,62205684186,4815,1253
1762317365,0000000100000001,62243273904,2538,1254
1762317368,0000000800000080,62277158231,515,1255
1762317369,0000000100000008,62285552551,5199,1256
1762317382,0000004000000008,62411005003,2833,1257
1762317394,0000000400000004,62535248063,573,1258
1762317397,0000008000000001,62559258402,4331,1259
1762317430,0000000100000002,62891737017,5095,1260
1762317435,0000000400000004,62939378875,2227,1261
1762317436,0000004000000008,62951401848,1510,1262
1762317436,0000008000000080,62951629227,1496,1263
1762317445,0000000100000001,63045883168,1021,1264
1762317446,0000008000000080,63057074614,350,1265
1762317455,0000008000000004,63147115316,5314,1266
1762317457,0000004000000008,63158230755,4656,1267
1762317457,0000004000000004,63166500886,4163,1268
1762317458,0000000400000080,63176250691,3564,1269
1762317462,0000004000000008,63210550338,1504,1270
1762317463,0000000400000080,63226850521,525,1271
1762317479,0000000100000080,63386531725,1306,1272
1762317481,0000008000000080,63401138939,430,1273
1762317506,0000000800000008,63652232553,905,1274
1762317506,0000000400000008,63656399901,658,1275
1762317509,0000000100000008,63685286712,4121,1276
1762317524,0000004000000004,63836592582,206,1277
1762317572,0000008000000080,64313844268,2646,1278
1762317577,0000000100000002,64358371199,5172,1279
1762317583,0000008000000001,64417482306,1622,1280
1762317602,0000004000000080,64610877305,378,1281
1762317607,0000000800000008,64664977883,2307,1282
1762317612,0000008000000080,64714737581,4524,1283
1762317627,0000000800000002,64859118514,1027,1284
1762317632,0000000100000001,64910172505,3134,1285
1762317638,0000000100000080,64967421510,4901,1286
1762317654,0000000800000008,65127832936,447,1287
1762317673,0000000100000080,65325817772,4127,1288
1762317677,0000004000000004,65365670784,1721,1289
1762317685,0000000100000002,65441518265,2344,1290
1762317694,0000000100000001,65527420476,2368,1291
1762317696,0000000400000080,65548292607,1123,1292
1762317699,0000000100000001,65580344076,4399,1293
1762317703,0000004000000004,65625770407,1657,1294
1762317717,0000000800000002,65765474847,3640,1295
1762317723,0000000800000002,65825860531,5198,1296
1762317734,0000000100000004,65933743993,3914,1297
1762317738,0000004000000002,65968425522,1822,1298
1762317739,0000008000000008,65982834684,953,1299
1762317754,0000000800000008,66133314418,2284,1300
1762317756,0000008000000080,66148651372,1368,1301
1762317797,0000000100000008,66561172681,2511,1302
1762317817,0000008000000080,66764554438,681,1303
1762317825,0000000100000006,66843706144,1111,1304
1762317844,0000001000000040,67036897593,5070,1305
1762317845,0000000400000001,67046205153,4522,1306
1762317854,0000000100000001,67127335937,4830,1307
1762317864,0000000400000080,67232165078,3717,1308
1762317883,0000000800000004,67422557492,2636,1309
1762317893,0000000800000002,67521269015,1907,1310
1762317907,0000000100000080,67657921509,4085,1311
1762317923,0000000100000008,67822721020,4558,1312
1762317925,0000000100000001,67839605474,3532,1313
1762317935,0000000100000002,67938907286,2739,1314
1762317935,0000000800000008,67944089655,2432,1315
1762317935,0000008000000001,67947284108,2245,1316
1762317948,0000008000000002,68072508619,5104,1317
1762317960,0000008000000080,68187636641,3367,1318
1762317982,0000000800000080,68410501384,360,1319
1762317983,0000000800000004,68419382386,5017,1320
1762317990,0000000100000004,68488305268,871,1321
1762317991,0000000800000001,68498098221,286,1322
1762317991,0000008000000008,68498281339,274,1323
1762317994,0000008800000002,68527364825,3719,1324
1762317996,0000008000000004,68550720433,2304,1325
1762317998,0000000800000080,68570807240,1104,1326
1762318010,0000000800000001,68689238474,4377,1327
1762318017,0000008000000080,68763430301,5096,1328
1762318018,0000000400000004,68771842898,4599,1329
1762318051,0000008000000080,69105242934,5309,1330
1762318071,0000000100000080,69299455963,4028,1331
1762318090,0000000400000004,69495512789,2601,1332
1762318102,0000000400000002,69609332187,961,1333
1762318113,0000000800000080,69722980248,4521,1334
1762318117,0000000100000001,69763762814,2058,1335
1762318118,0000000100000080,69772625303,1528,1336
1762318118,0000008000000080,69775381890,1362,1337
1762318131,0000004000000004,69897725351,4400,1338
1762318134,0000000100000008,69927416766,2590,1339
1762318141,0000008000000008,70001050661,3359,1340
1762318150,0000000400000001,70094284357,2939,1341
1762318170,0000000f00000008,70290707635,1529,1342
1762318174,0000008000000008,70332080808,4243,1343
1762318180,0000008000000080,70396186911,379,1344
1762318188,0000000400000004,70469085860,1186,1345
1762318199,0000004000000080,70586687443,4509,1346
1762318200,0000008000000008,70587514250,4460,1347
1762318201,0000000100000002,70599332014,3743,1348
1762318241,0000008000000080,71001412611,333,1349
1762318244,0000004000000080,71032286440,3668,1350
1762318249,0000000100000008,71079702175,815,1351
1762318250,000000c000000080,71088464975,291,1352
1762318262,0000000800000001,71210411502,3329,1353
1762318267,0000000800000004,71258605875,443,1354
1762318271,0000004000000080,71305437833,2802,1355
1762318280,0000004000000008,71391400574,2825,1356
1762318283,0000004800000080,71421401995,1037,1357
1762318297,0000000800000008,71562760788,2905,1358
1762318300,0000004000000080,71588624009,1367,1359
1762318306,0000000800000001,71650091703,2847,1360
1762318314,0000000800000080,71728039186,3359,1361
1762318337,0000000800000008,71965384169,4679,1362
1762318349,0000000300000001,72083503463,2747,1363
1762318354,0000000200000001,72128063756,5271,1364
1762318388,0000000100000001,72476827818,5069,1365
1762318393,0000000800000001,72521944429,2350,1366
1762318398,0000000800000001,72571176248,4597,1367
1762318402,0000000100000004,72610554181,2218,1368
1762318421,0000000100000001,72801932183,1100,1369
1762318423,0000000100000080,72818886710,5268,1370
1762318432,0000008000000004,72907180966,5153,1371
1762318439,0000000100000002,72983612967,560,1372
1762318450,0000004000000080,73089112496,4608,1373
1762318474,0000000100000008,73335192083,188,1374
1762318476,0000000100000002,73354816757,4210,1375
1762318480,0000008000000080,73390808663,2033,1376
1762318490,0000000100000080,73487263189,1428,1377
1762318492,0000000800000002,73508977413,5311,1378
1762318501,0000008000000008,73605133942,4731,1379
1762318526,0000000400000008,73853795897,162,1380
1762318532,0000000400000001,73914788076,1682,1381
1762318540,0000000800000001,73991437351,2259,1382
1762318548,0000000100000004,74071546767,2626,1383
1762318550,0000004000000002,74091741311,1427,1384
1762318558,0000008000000008,74177026539,1490,1385
1762318563,0000008000000080,74218400332,4205,1386
1762318563,0000000100000008,74224607301,3826,1387
1762318567,0000008000000004,74265237316,1379,1388
1762318575,0000008800000006,74342443307,1927,1389
1762318599,000000c000000080,74584138698,2954,1390
1762318601,0000000100000002,74601067353,1952,1391
1762318607,0000000400000008,74661706683,3488,1392
1762318615,0000000100000001,74740454223,3965,1393
1762318619,0000008000000080,74778807255,1651,1394
1762318631,0000000100000002,74903343336,4555,1395
1762318643,0000000200000001,75019233057,2755,1396
1762318665,0000008000000004,75241077884,5005,1397
1762318671,0000000800000080,75306974295,1043,1398
1762318721,0000008000000080,75802025528,2419,1399
1762318724,0000000100000004,75827985266,867,1400
1762318725,0000008000000080,75840804619,5286,1401
1762318729,0000004000000080,75883849983,2687,1402
1762318733,0000000100000002,75921441220,443,1403
1762318734,0000008000000080,75932668630,4958,1404
1762318743,0000000400000002,76017398169,5055,1405
1762318753,0000004000000080,76126573522,3685,1406
1762318796,0000000800000001,76547176009,4364,1407
1762318796,0000008000000001,76556972781,3768,1408
1762318799,0000000400000002,76586986000,1959,1409
1762318821,0000000800000004,76802308029,4597,1410
1762318824,0000008000000008,76830123857,2899,1411
1762318824,0000008000000080,76830366931,2884,1412
1762318844,0000000400000009,77031771992,1175,1413
1762318844,0000004000000008,77032647641,1123,1414
1762318870,0000008000000008,77295058656,918,1415
1762318885,0000004000000004,77445916400,2227,1416
1762318913,0000000400000080,77718258257,1436,1417
1762318922,0000008000000080,77809743706,1125,1418
1762318935,0000000800000080,77943013395,3492,1419
1762318936,0000000800000004,77951483874,2969,1420
1762318937,0000000100000001,77961138643,2396,1421
1762318942,0000008000000001,78014112023,4423,1422
1762318949,0000000200000008,78080245159,436,1423
1762318958,0000000100000001,78174162340,5170,1424
1762318967,0000008100000001,78263265167,5006,1425
1762318974,0000008000000080,78329542154,1020,1426
1762319013,0000000100000001,78723054603,3310,1427
1762319018,0000008000000080,78771779782,393,1428
1762319023,0000000400000002,78824610554,2397,1429
1762319035,0000000100000004,78939234220,707,1430
1762319046,0000000100000080,79052969954,4256,1431
1762319098,0000000100000001,79571321933,4247,1432
1762319099,0000008000000008,79583881417,3477,1433
1762319101,0000000800000001,79604839872,2214,1434
1762319108,0000000400000008,79671530928,3395,1435
1762319112,000000040000000c,79708347185,1189,1436
1762319112,000000c000000080,79713631789,870,1437
1762319117,0000000400000001,79763002326,3080,1438
1762319118,0000008000000080,79767242934,2824,1439
1762319126,0000004000000008,79848860854,3109,1440
1762319131,0000000800000002,79897706119,188,1441
1762319135,000000c000000080,79940426973,2795,1442
1762319148,0000000800000004,80072307372,5261,1443
1762319153,0000000800000001,80126675839,1994,1444
1762319157,0000004000000080,80158311013,5282,1445
1762319157,0000008000000080,80163171835,4993,1446
1762319162,0000000100000001,80213862531,1944,1447
1762319170,0000000800000002,80295615564,2216,1448
1762319181,0000004000000002,80403235154,940,1449
1762319204,0000000800000002,80635138638,2561,1450
1762319257,0000004000000080,81160173080,2154,1451
1762319259,0000000400000080,81179085945,1018,1452
1762319273,0000000800000004,81322634155,2759,1453
1762319277,0000004000000008,81366427978,5328,1454
1762319285,0000008000000008,81446592747,512,1455
1762319301,0000004000000002,81597900799,1799,1456
1762319310,0000000100000002,81689425713,1488,1457
1762319321,0000000200000002,81803455641,5013,1458
1762319322,0000000100000002,81814160718,4381,1459
1762319326,0000000400000008,81850095501,2204,1460
1762319327,0000000400000002,81861115082,1548,1461
1762319327,0000000400000080,81863816366,1385,1462
1762319339,0000000800000008,81983626789,4573,1463
1762319344,0000000400000001,82027011365,1955,1464
1762319364,0000000800000008,82227161738,307,1465
1762319369,0000000800000001,82286854118,1908,1466
1762319375,0000008000000080,82346418000,3517,1467
1762319387,0000008000000001,82460377363,1859,1468
1762319390,0000008000000080,82493730407,5045,1469
1762319392,0000000100000001,82507120143,4252,1470
1762319398,0000000100000008,82574209868,207,1471
1762319399,0000008000000080,82583951601,4816,1472
1762319407,0000008000000080,82658281222,344,1473
1762319414,0000000100000080,82730209610,1210,1474
1762319434,0000008000000080,82928316634,4876,1475
1762319439,0000004000000008,82983528601,1555,1476
1762319440,0000008000000004,82987919854,1291,1477
1762319455,0000000800000002,83140085456,2513,1478
1762319455,0000000100000004,83142639059,2362,1479
1762319499,0000008000000008,83576974129,2211,1480
1762319536,0000000400000004,83949662958,574,1481
1762319576,0000000400000002,84356039162,2097,1482
1762319599,0000008000000004,84577487200,4371,1483
1762319603,0000004000000008,84618508067,1894,1484
1762319603,0000008000000001,84625517751,1474,1485
1762319626,0000000100000001,84847271803,3718,1486
1762319644,0000000400000001,85033970228,2856,1487
1762319648,0000000400000004,85068264134,810,1488
1762319673,0000000400000080,85324803092,958,1489
1762319693,0000008000000008,85521924445,4690,1490
1762319700,0000000100000003,85587453171,745,1491
1762319701,0000000100000004,85602644006,5023,1492
1762319716,0000008000000080,85753633877,1137,1493
1762319743,0000000200000004,86026655660,297,1494
1762319744,0000008000000080,86027859064,225,1495
1762319754,0000004000000001,86131556800,4384,1496
1762319758,0000008000000001,86170554674,2026,1497
1762319763,0000004000000004,86224058120,4011,1498
1762319766,0000004000000002,86248502458,2521,1499
1762319772,0000000800000080,86312566596,3880,1500
1762319774,0000000100000002,86329434229,2842,1501
1762319775,0000008000000001,86345050147,1920,1502
1762319778,0000000800000002,86367755879,555,1503
1762319779,000000080000000c,86379818802,5021,1504
1762319789,0000000100000002,86483585860,3982,1505
1762319794,0000000100000001,86530576557,1148,1506
1762319802,0000008000000004,86609557279,1593,1507
1762319809,0000008000000080,86678275851,2637,1508
1762319856,0000000800000004,87153475283,5227,1509
1762319865,0000000400000001,87242654139,5058,1510
1762319880,0000000100000080,87388269847,1499,1511
1762319882,0000004000000002,87409188384,241,1512
1762319903,0000000400000004,87626449956,2736,1513
1762319906,0000000100000004,87650650999,1298,1514
1762319912,0000008000000080,87716030376,2545,1515
1762319917,0000000400000001,87757043165,5281,1516
1762319928,0000000100000001,87871067353,3620,1517
1762319930,0000008000000080,87892599411,2317,1518
1762319931,0000000800000080,87902426357,1736,1519
1762319934,0000004000000001,87933422803,5061,1520
1762319941,0000000100000001,88002170712,927,1521
1762319942,0000000100000001,88014481500,189,1522
1762319946,0000000100000002,88052655214,3069,1523
1762319959,0000000800000002,88181717543,517,1524
1762319959,0000008000000080,88185489347,291,1525
1762319969,0000000800000004,88278274344,5094,1526
1762319969,0000000800000004,88280537149,4959,1527
1762319979,0000000100000080,88383725258,3956,1528
1762319988,0000000800000008,88471913662,3841,1529
1762319990,0000000100000003,88491898713,2621,1530
1762319999,0000000400000080,88582030016,2397,1531
1762320000,0000000100000002,88596703666,1526,1532
1762320003,0000008000000001,88623526788,5103,1533
1762320008,0000000100000080,88671965798,2186,1534
1762320016,0000000400000080,88750575962,2644,1535
1762320021,0000000400000004,88798836389,4948,1536
1762320021,0000000100000001,88800443741,4855,1537
1762320022,0000000800000008,88814808301,3996,1538
1762320025,0000008000000002,88839795006,2474,1539
1762320028,0000000100000001,88868668612,749,1540
1762320054,0000008000000080,89131897326,497,1541
1762320055,0000000100000001,89142786097,5033,1542
1762320065,0000000400000002,89244205028,4139,1543
1762320070,0000008000000080,89294808941,1083,1544
1762320071,0000000100000008,89301752773,669,1545
1762320089,0000008000000080,89480016233,335,1546
1762320089,0000000400000008,89481125924,268,1547
1762320099,0000004000000002,89578076917,4824,1548
1762320104,000000c000000002,89631852612,1589,1549
1762320114,0000000300000001,89731231793,804,1550
1762320129,0000000800000002,89877067685,2411,1551
1762320177,0000008000000080,90362298048,4407,1552
1762320178,0000000100000008,90367003898,4124,1553
1762320178,0000000100000002,90372429109,3792,1554
1762320186,0000000400000004,90452524368,4173,1555
1762320194,0000000800000002,90535477230,4377,1556
1762320201,0000008000000001,90599129094,540,1557
1762320201,0000000800000004,90606441840,5288,1558
1762320205,0000000100000002,90645187311,2948,1559
1762320215,0000000400000001,90744054753,2206,1560
1762320240,0000000400000004,90994008915,2741,1561
1762320267,0000004000000001,91260407200,2308,1562
1762320291,0000000100000005,91499297091,3523,1563
1762320293,0000008000000080,91525785761,1933,1564
1762320309,0000000400000002,91681471309,2940,1565
1762320309,0000000800000080,91682864470,2856,1566
1762320331,0000000100000004,91900529575,170,1567
1762320339,0000000100000002,91977449321,738,1568
1762320342,0000000100000001,92009264198,4026,1569
1762320357,0000004000000004,92165583370,5000,1570
1762320376,000000400000000c,92354101751,4060,1571
1762320395,0000000400000080,92540630905,3203,1572
1762320401,0000000800000008,92599025855,4902,1573
1762320408,0000008000000080,92674464387,364,1574
1762320416,0000000100000001,92748029300,1130,1575
1762320450,0000000100000004,93092038029,1214,1576
1762320458,0000008000000001,93175497874,1391,1577
1762320499,0000008000000080,93580403635,2985,1578
1762320500,0000004000000080,93592357817,2276,1579
1762320503,0000004000000080,93618616828,705,1580
1762320535,0000008000000008,93936785115,2333,1581
1762320537,0000004000000080,93965443585,618,1582
1762320539,0000000100000080,93980353283,4912,1583
1762320561,0000008000000080,94205722563,1747,1584
1762320569,0000000400000004,94281288203,2385,1585
1762320599,0000000800000080,94580976854,5139,1586
1762320610,0000008000000004,94687751494,3923,1587
1762320611,0000000400000004,94702743567,2997,1588
1762320619,0000000800000008,94784218669,3297,1589
1762320621,0000008000000008,94805546188,2023,1590
1762320631,0000000100000001,94898249437,1643,1591
1762320637,0000000100000001,94963902852,2870,1592
1762320647,0000008000000080,95059874041,2301,1593
1762320650,0000000100000002,95087627803,639,1594
1762320664,0000004000000080,95233862665,2224,1595
1762320685,0000004000000001,95443379868,5204,1596
1762320689,0000004000000004,95486138010,2625,1597
1762320722,0000000800000080,95807383427,4098,1598
1762320726,0000000400000080,95852647949,1367,1599
1762320732,0000008800000080,95914802503,2804,1600
1762320737,0000000200000002,95956641761,307,1601
1762320777,0000008000000004,96366558851,1619,1602
1762320778,0000008000000002,96374967040,1111,1603
1762320785,0000000100000004,96437077671,2557,1604
1762320795,0000000400000080,96540838369,1523,1605
1762320801,0000000400000004,96603393773,2938,1606
1762320802,0000000100000001,96612806264,2379,1607
1762320802,0000008000000080,96616313206,2172,1608
1762320806,0000000800000001,96647668470,293,1609
1762320807,0000008000000080,96664324316,4491,1610
1762320808,0000004000000008,96674872434,3854,1611
1762320828,0000000100000003,96872498996,2340,1612
1762320845,0000008000000008,97038551798,2732,1613
1762320850,0000004000000004,97093991670,4613,1614
1762320859,0000000400000001,97178959607,4694,1615
1762320870,0000004000000008,97288462046,3286,1616
1762320872,0000008000000002,97308254473,2104,1617
1762320883,0000000400000008,97420024282,579,1618
1762320900,0000004000000080,97596307235,364,1619
1762320909,0000000100000002,97681732623,419,1620
1762320914,0000000800000002,97726895937,2877,1621
1762320920,0000000100000003,97794205244,4048,1622
1762320923,0000008000000002,97818557582,2561,1623
1762320925,0000000800000080,97845235825,967,1624
1762320926,0000000100000002,97852485604,534,1625
1762320946,0000004800000001,98050865001,4193,1626
1762320956,0000008000000080,98147924237,3536,1627
1762320961,0000008000000080,98201138585,339,1628
1762320983,0000000100000002,98423532991,2530,1629
1762320987,0000008000000080,98464307232,5277,1630
1762320997,0000000400000002,98562366835,4586,1631
1762321000,0000000100000001,98588334242,2999,1632
1762321008,0000000800000080,98672681725,3122,1633
1762321008,0000000100000004,98673396993,3077,1634
1762321030,0000000100000001,98895813347,5291,1635
1762321054,0000000800000006,99128121698,1714,1636
1762321076,0000008000000080,99351736572,3847,1637
1762321082,0000000100000004,99415450285,5198,1638
1762321083,0000000800000001,99424145951,4685,1639
1762321089,0000000800000080,99482557987,1166,1640
1762321103,0000000100000001,99626202150,2898,1641
1762321104,0000000100000003,99630477488,2642,1642
1762321108,0000000400000002,99673562266,5254,1643
1762321113,0000000800000001,99725140985,2152,1644
1762321118,0000000800000004,99768607627,4739,1645
1762321126,0000000400000004,99850592427,4996,1646
1762321137,0000000800000004,99963787310,3376,1647
1762321137,0000000100000001,99964599724,3327,1648
1762321144,0000000100000001,100026552444,4804,1649
1762321155,0000000100000008,100138164226,3270,1650
1762321155,0000004000000080,100139098725,3212,1651
1762321169,0000004000000080,100283586245,4922,1652
1762321170,0000000100000001,100287355343,4700,1653
1762321176,0000004000000008,100353016218,747,1654
1762321205,0000008000000004,100640149813,4261,1655
1762321210,0000000400000001,100694893243,954,1656
1762321232,0000000800000004,100913873335,3359,1657
1762321234,0000000100000004,100928252311,2490,1658
1762321275,0000000400000080,101344091824,3454,1659
1762321281,0000008000000001,101401876109,5171,1660
1762321286,0000004000000008,101456101882,1914,1661
1762321289,0000008000000080,101477535122,625,1662
1762321299,0000008000000080,101582052856,4729,1663
1762321302,0000008000000080,101614141153,2779,1664
1762321309,0000000100000004,101682293563,3897,1665
1762321312,0000008000000080,101707724351,2351,1666
1762321331,0000008000000002,101905172886,871,1667
1762321363,0000000300000001,102218769526,5535,1668
1762321369,0000004000000002,102276586122,4508,1669
1762321377,0000000400000004,102363114319,4496,1670
1762321380,0000004000000080,102393557755,2642,1671
1762321416,0000004000000004,102756309929,1613,1672
1762321432,0000004000000008,102906946586,2922,1673
1762321441,0000000100000001,103001330080,2445,1674
1762321443,0000004000000001,103019450221,1367,1675
1762321457,0000000100000002,103157310797,3458,1676
1762321461,0000008000000080,103206336931,514,1677
1762321474,000000080000000a,103332508517,3301,1678
1762321475,0000000100000001,103344209470,2593,1679
1762321481,0000000100000001,103397445173,4605,1680
1762321494,0000000900000003,103530610753,1782,1681
1762321501,0000000800000080,103600138486,2778,1682
1762321520,0000000100000004,103791614150,1665,1683
1762321530,0000008000000080,103893646959,721,1684
1762321547,0000000100000080,104059712778,1116,1685
1762321559,0000000800000001,104181241685,4206,1686
1762321583,0000008000000008,104420873289,170,1687
1762321584,0000004000000002,104430185844,4805,1688
1762321593,0000004000000080,104522894135,4429,1689
1762321600,0000000100000004,104587748328,520,1690
1762321605,0000008000000080,104637118267,2729,1691
1762321606,0000000100000080,104647502826,2117,1692
1762321610,0000008000000008,104688056164,4874,1693
1762321641,0000008000000002,105001226126,1619,1694
1762321659,0000000800000080,105181732458,1147,1695
1762321702,0000004000000001,105608718404,1433,1696
1762321707,0000000400000080,105663992787,3292,1697
1762321713,0000008000000004,105721933746,5009,1698
1762321714,0000004000000004,105735131141,4229,1699
1762321722,0000000500000001,105808846079,4975,1700
1762321722,0000000400000080,105813973912,4673,1701
1762321726,0000000800000004,105851451688,2404,1702
1762321728,0000000100000001,105875777833,948,1703
1762321729,0000000400000080,105879709904,715,1704
1762321733,0000000100000005,105925102429,3162,1705
1762321736,0000000100000004,105948937885,1745,1706
1762321746,0000000400000080,106048848426,925,1707
1762321756,0000008800000080,106154526393,4958,1708
1762321761,0000008000000080,106205283917,1905,1709
1762321768,0000004000000080,106268760965,3271,1710
1762321776,0000008000000080,106352115423,3458,1711
1762321795,0000000800000004,106545121796,2233,1712
1762321796,0000000100000001,106548142428,2055,1713
1762321826,0000008000000004,106849145644,4730,1714
1762321826,0000000800000001,106853206709,4491,1715
1762321827,0000008000000080,106859317727,4125,1716
1762321836,0000000100000001,106947200058,4032,1717
1762321877,0000000400000001,107364008237,4921,1718
1762321895,0000004000000001,107543207436,4537,1719
1762321898,0000000800000004,107570296501,2883,1720
1762321900,0000000900000001,107593785014,1487,1721
1762321927,0000004000000002,107861219910,978,1722
1762321927,0000000100000001,107863968844,816,1723
1762321938,0000004000000004,107970330011,4809,1724
1762321945,0000000400000080,108041843480,505,1725
1762321949,0000000400000004,108077139577,3574,1726
1762321957,0000000100000080,108158775721,3864,1727
1762321975,0000000100000080,108339724597,3355,1728
1762322010,0000008000000080,108693713150,2829,1729
1762322017,0000004000000002,108757880488,4188,1730
1762322018,0000000100000080,108767559723,3597,1731
1762322028,0000000400000008,108869867455,2622,1732
1762322031,0000000400000002,108899231253,869,1733
1762322036,0000000400000002,108956046148,2632,1734
1762322037,0000008000000080,108961482096,2311,1735
1762322050,0000000800000004,109091109040,4910,1736
1762322052,0000000400000004,109115035040,3468,1737
1762322053,0000000400000008,109125212994,2844,1738
1762322054,0000000800000080,109128507468,2648,1739
1762322063,0000000100000002,109216435794,2552,1740
1762322069,0000000100000001,109279181688,3992,1741
1762322095,0000000800000080,109544839983,3587,1742
1762322097,000000c000000080,109559907949,2665,1743
1762322101,0000000800000080,109602674131,5297,1744
1762322121,0000004000000001,109803819389,3590,1745
1762322128,0000008000000004,109873773045,4582,1746
1762322130,0000000800000080,109891916807,3482,1747
1762322137,0000004000000001,109962477923,4443,1748
1762322160,0000000100000002,110196229122,762,1749
1762322162,0000008000000080,110209908940,5128,1750
1762322172,0000000800000001,110308787677,4387,1751
1762322172,0000000400000080,110314222430,4061,1752
1762322186,0000000800000004,110456163880,709,1753
1762322189,0000008000000008,110481670118,4378,1754
1762322212,0000008000000080,110716171093,652,1755
1762322221,0000000100000001,110804804728,512,1756
1762322267,0000000100000080,111263386330,4100,1757
1762322269,0000008000000080,111279799783,3085,1758
1762322278,0000000100000008,111371340143,2775,1759
1762322295,0000000100000001,111542998039,2837,1760
1762322326,0000004000000080,111852563935,5006,1761
1762322331,0000000100000004,111901259003,2075,1762
1762322333,0000000800000080,111923116090,764,1763
1762322335,0000000400000002,111939494061,4971,1764
1762322339,0000000100000001,111981643753,2426,1765
1762322351,0000008000000080,112100121773,504,1766
1762322351,0000004000000001,112100428762,486,1767
1762322378,0000000200000001,112370678720,5005,1768
1762322387,0000008000000080,112457791993,4957,1769
1762322394,0000000400000004,112529550574,644,1770
1762322399,0000000100000003,112581374753,2704,1771
