t,V1
-0.000254,0.0028
-0.0002538,0.0012000000000000001
-0.0002536,0.0036000000000000003
-0.0002534,0.0032
-0.0002532,0.0032
-0.00025299999999999997,0.0036000000000000003
-0.0002528,0.0032
-0.0002526,0.0048000000000000004
-0.0002524,0.0032
-0.0002522,0.0048000000000000004
-0.000252,0.0044
-0.0002518,0.004
-0.0002516,0.005200000000000001
-0.0002514,0.0036000000000000003
-0.0002512,0.005200000000000001
-0.000251,0.0028
-0.00025079999999999997,0.002
-0.0002506,0.0004
-0.0002504,0.0008
-0.0002502,0.0024000000000000002
-0.00025,0.0012000000000000001
-0.0002498,0.002
-0.0002496,-0.0004
-0.0002494,0.0004
-0.0002492,0.0004
-0.000249,0.0008
-0.0002488,0.0028
-0.00024859999999999997,0.0008
-0.0002484,0.0016
-0.0002482,0.0008
-0.000248,0.0016
-0.0002478,0.002
-0.0002476,0.0016
-0.0002474,0.0016
-0.0002472,0.0008
-0.000247,0.0
-0.0002468,0.0012000000000000001
-0.0002466,0.0004
-0.00024639999999999997,0.0
-0.0002462,-0.0004
-0.000246,0.0004
-0.0002458,0.0004
-0.0002456,0.0016
-0.0002454,0.0032
-0.0002452,0.0012000000000000001
-0.000245,0.0036000000000000003
-0.0002448,0.002
-0.0002446,0.0032
-0.0002444,0.0032
-0.00024419999999999997,0.005200000000000001
-0.000244,0.0028
-0.0002438,0.0028
-0.00024359999999999999,0.0048000000000000004
-0.0002434,0.0032
-0.0002432,0.005200000000000001
-0.000243,0.0036000000000000003
-0.0002428,0.0032
-0.0002426,0.004
-0.00024239999999999998,0.0016
-0.0002422,0.004
-0.000242,0.0024000000000000002
-0.0002418,0.0028
-0.0002416,0.004
-0.00024139999999999999,0.0028
-0.0002412,0.0044
-0.000241,0.004
-0.0002408,0.004
-0.0002406,0.0024000000000000002
-0.0002404,0.0032
-0.00024019999999999998,0.0036000000000000003
-0.00024,0.0028
-0.0002398,0.0036000000000000003
-0.0002396,0.0016
-0.0002394,0.0032
-0.0002392,0.0012000000000000001
-0.000239,0.002
-0.0002388,0.0008
-0.0002386,0.0004
-0.0002384,0.0008
-0.0002382,0.0004
-0.00023799999999999998,0.0008
-0.00023779999999999998,0.0
-0.0002376,0.0
-0.0002374,0.0016
-0.0002372,0.0012000000000000001
-0.000237,0.002
-0.0002368,0.002
-0.0002366,0.0012000000000000001
-0.0002364,0.0012000000000000001
-0.0002362,0.0004
-0.000236,0.002
-0.00023579999999999999,0.0008
-0.00023559999999999998,0.002
-0.0002354,0.0
-0.0002352,0.0008
-0.000235,0.0008
-0.0002348,0.002
-0.00023459999999999998,0.0024000000000000002
-0.0002344,0.0004
-0.0002342,0.002
-0.000234,0.0
-0.0002338,0.0028
-0.00023359999999999999,0.0028
-0.00023339999999999998,0.0024000000000000002
-0.0002332,0.0032
-0.000233,0.0032
-0.0002328,0.005200000000000001
-0.0002326,0.004
-0.00023239999999999998,0.0048000000000000004
-0.0002322,0.0036000000000000003
-0.000232,0.0032
-0.0002318,0.0024000000000000002
-0.0002316,0.004
-0.0002314,0.0044
-0.00023119999999999998,0.0036000000000000003
-0.000231,0.004
-0.0002308,0.0024000000000000002
-0.0002306,0.0012000000000000001
-0.0002304,0.0036000000000000003
-0.00023019999999999998,0.0024000000000000002
-0.00023,0.0032
-0.0002298,0.002
-0.0002296,0.002
-0.0002294,0.0032
-0.0002292,0.002
-0.00022899999999999998,0.004
-0.0002288,0.002
-0.0002286,0.0024000000000000002
-0.0002284,0.0008
-0.0002282,0.0016
-0.00022799999999999999,0.0024000000000000002
-0.0002278,-0.0012000000000000001
-0.0002276,0.0
-0.0002274,0.0
-0.0002272,0.0
-0.000227,0.0008
-0.00022679999999999998,0.0
-0.0002266,-0.0008
-0.0002264,-0.0004
-0.0002262,0.0012000000000000001
-0.000226,0.0008
-0.00022579999999999999,0.0016
-0.0002256,0.0032
-0.0002254,0.0016
-0.0002252,0.002
-0.000225,0.0012000000000000001
-0.0002248,0.0024000000000000002
-0.00022459999999999998,0.0036000000000000003
-0.0002244,0.0012000000000000001
-0.0002242,0.0016
-0.000224,0.002
-0.0002238,0.002
-0.0002236,0.0024000000000000002
-0.0002234,0.0024000000000000002
-0.0002232,0.0024000000000000002
-0.000223,0.002
-0.0002228,0.004
-0.0002226,0.0036000000000000003
-0.00022239999999999998,0.0048000000000000004
-0.00022219999999999998,0.0048000000000000004
-0.000222,0.0032
-0.0002218,0.0056
-0.0002216,0.0048000000000000004
-0.0002214,0.0064
-0.0002212,0.0044
-0.000221,0.0036000000000000003
-0.0002208,0.0036000000000000003
-0.0002206,0.0024000000000000002
-0.0002204,0.0032
-0.00022019999999999999,0.0036000000000000003
-0.00021999999999999998,0.0024000000000000002
-0.0002198,0.0016
-0.0002196,0.0012000000000000001
-0.0002194,0.0024000000000000002
-0.0002192,0.0008
-0.000219,0.0024000000000000002
-0.0002188,0.0008
-0.0002186,0.0016
-0.0002184,0.0032
-0.0002182,0.0028
-0.00021799999999999999,0.0032
-0.00021779999999999998,0.0012000000000000001
-0.0002176,0.0
-0.0002174,0.0016
-0.0002172,0.0008
-0.000217,0.0028
-0.0002168,0.0008
-0.0002166,0.0
-0.0002164,-0.0012000000000000001
-0.0002162,-0.0008
-0.000216,0.0004
-0.0002158,-0.0004
-0.00021559999999999998,0.0012000000000000001
-0.0002154,0.0008
-0.0002152,0.0004
-0.000215,0.0036000000000000003
-0.0002148,0.0028
-0.0002146,0.004
-0.0002144,0.0032
-0.0002142,0.0028
-0.000214,0.0032
-0.0002138,0.0032
-0.0002136,0.0044
-0.00021339999999999998,0.0028
-0.0002132,0.0024000000000000002
-0.000213,0.0016
-0.0002128,0.002
-0.0002126,0.0036000000000000003
-0.0002124,0.0016
-0.0002122,0.0032
-0.000212,0.0024000000000000002
-0.0002118,0.0024000000000000002
-0.0002116,0.0044
-0.0002114,0.005200000000000001
-0.00021119999999999998,0.0044
-0.000211,0.0032
-0.0002108,0.0036000000000000003
-0.0002106,0.0036000000000000003
-0.0002104,0.0032
-0.0002102,0.0044
-0.00021,0.0028
-0.0002098,0.0024000000000000002
-0.0002096,0.0008
-0.0002094,0.0024000000000000002
-0.0002092,0.0012000000000000001
-0.00020899999999999998,0.0004
-0.00020879999999999998,0.0016
-0.0002086,-0.0004
-0.0002084,0.0
-0.0002082,0.0016
-0.000208,0.0004
-0.0002078,0.0008
-0.0002076,-0.0008
-0.0002074,0.0012000000000000001
-0.0002072,0.0016
-0.000207,0.0016
-0.00020679999999999999,0.0024000000000000002
-0.00020659999999999998,0.0004
-0.0002064,0.002
-0.0002062,0.0004
-0.000206,0.0016
-0.0002058,0.002
-0.0002056,0.0008
-0.0002054,0.0012000000000000001
-0.0002052,0.0
-0.000205,0.0024000000000000002
-0.0002048,0.0028
-0.00020459999999999999,0.0024000000000000002
-0.00020439999999999998,0.0036000000000000003
-0.0002042,0.0016
-0.000204,0.0024000000000000002
-0.0002038,0.0036000000000000003
-0.0002036,0.004
-0.0002034,0.004
-0.0002032,0.0036000000000000003
-0.000203,0.0044
-0.0002028,0.0032
-0.0002026,0.004
-0.0002024,0.004
-0.00020219999999999998,0.0016
-0.000202,0.004
-0.0002018,0.002
-0.0002016,0.0036000000000000003
-0.0002014,0.0028
-0.0002012,0.002
-0.000201,0.0016
-0.0002008,0.002
-0.0002006,0.002
-0.0002004,0.0028
-0.0002002,0.0036000000000000003
-0.00019999999999999998,0.0024000000000000002
-0.0001998,0.0016
-0.0001996,0.0024000000000000002
-0.0001994,0.0016
-0.0001992,0.0036000000000000003
-0.000199,0.0024000000000000002
-0.0001988,0.002
-0.0001986,0.002
-0.0001984,0.0008
-0.0001982,0.0024000000000000002
-0.000198,0.0012000000000000001
-0.00019779999999999998,0.0008
-0.0001976,0.0012000000000000001
-0.0001974,-0.0004
-0.0001972,0.0012000000000000001
-0.000197,0.0012000000000000001
-0.0001968,0.0004
-0.0001966,-0.0004
-0.0001964,0.0016
-0.0001962,0.0032
-0.000196,-0.0016
-0.0001958,0.0012000000000000001
-0.00019559999999999998,0.002
-0.0001954,0.0012000000000000001
-0.0001952,0.002
-0.000195,0.0024000000000000002
-0.0001948,0.0032
-0.0001946,0.0012000000000000001
-0.0001944,0.002
-0.0001942,0.0008
-0.000194,0.0004
-0.0001938,0.0016
-0.0001936,0.0016
-0.00019339999999999998,0.0032
-0.00019319999999999998,0.0012000000000000001
-0.000193,0.0012000000000000001
-0.0001928,0.002
-0.0001926,0.0032
-0.00019240000000000001,0.004
-0.0001922,0.0032
-0.000192,0.0036000000000000003
-0.0001918,0.0048000000000000004
-0.0001916,0.0036000000000000003
-0.0001914,0.004
-0.00019119999999999999,0.002
-0.00019099999999999998,0.0036000000000000003
-0.0001908,0.0024000000000000002
-0.0001906,0.0028
-0.0001904,0.0024000000000000002
-0.00019020000000000002,0.0024000000000000002
-0.00019,0.002
-0.0001898,0.0012000000000000001
-0.0001896,0.002
-0.0001894,0.002
-0.0001892,0.0036000000000000003
-0.00018899999999999999,0.0036000000000000003
-0.00018879999999999998,0.0012000000000000001
-0.0001886,0.004
-0.0001884,0.0028
-0.0001882,0.004
-0.00018800000000000002,0.0044
-0.0001878,0.0028
-0.0001876,0.002
-0.0001874,0.0012000000000000001
-0.0001872,0.0016
-0.000187,0.002
-0.0001868,0.0012000000000000001
-0.00018659999999999998,0.0028
-0.00018639999999999998,-0.0008
-0.0001862,0.0012000000000000001
-0.000186,0.0004
-0.00018580000000000002,0.0004
-0.0001856,0.0008
-0.0001854,0.0004
-0.0001852,0.002
-0.000185,0.002
-0.0001848,0.0024000000000000002
-0.0001846,0.0016
-0.00018439999999999998,0.0008
-0.00018419999999999998,0.0024000000000000002
-0.000184,0.002
-0.0001838,0.0032
-0.0001836,0.0032
-0.0001834,0.002
-0.0001832,0.002
-0.000183,0.0004
-0.0001828,0.0036000000000000003
-0.0001826,0.0016
-0.0001824,0.0024000000000000002
-0.00018219999999999998,0.0012000000000000001
-0.00018199999999999998,0.002
-0.0001818,0.0028
-0.0001816,0.0024000000000000002
-0.0001814,0.0036000000000000003
-0.0001812,0.0028
-0.000181,0.0028
-0.0001808,0.0044
-0.0001806,0.0036000000000000003
-0.0001804,0.0044
-0.0001802,0.0028
-0.00017999999999999998,0.004
-0.00017979999999999998,0.0028
-0.0001796,0.0032
-0.0001794,0.004
-0.0001792,0.0024000000000000002
-0.00017900000000000001,0.0032
-0.0001788,0.002
-0.0001786,0.0012000000000000001
-0.0001784,0.0028
-0.0001782,0.0012000000000000001
-0.000178,0.0032
-0.00017779999999999998,0.0004
-0.00017759999999999998,0.002
-0.0001774,0.004
-0.0001772,0.0024000000000000002
-0.000177,0.0028
-0.00017680000000000001,0.0016
-0.0001766,0.0028
-0.0001764,0.0032
-0.0001762,0.002
-0.000176,0.0024000000000000002
-0.0001758,-0.0004
-0.00017559999999999999,0.0016
-0.00017539999999999998,0.0004
-0.0001752,0.0
-0.000175,0.002
-0.0001748,-0.0004
-0.00017460000000000002,0.0012000000000000001
-0.0001744,-0.0004
-0.0001742,0.0008
-0.000174,0.0012000000000000001
-0.0001738,0.0024000000000000002
-0.0001736,0.0032
-0.00017339999999999999,0.0016
-0.00017319999999999998,0.004
-0.000173,0.0016
-0.0001728,0.0036000000000000003
-0.0001726,0.0032
-0.00017240000000000002,0.0016
-0.0001722,0.0036000000000000003
-0.000172,0.0024000000000000002
-0.0001718,0.0024000000000000002
-0.0001716,0.002
-0.0001714,0.0012000000000000001
-0.0001712,0.002
-0.00017099999999999998,0.0008
-0.0001708,0.0036000000000000003
-0.0001706,0.0024000000000000002
-0.0001704,0.0024000000000000002
-0.00017020000000000002,0.0032
-0.00017,0.002
-0.0001698,0.004
-0.0001696,0.0024000000000000002
-0.0001694,0.0048000000000000004
-0.0001692,0.0036000000000000003
-0.000169,0.0028
-0.00016879999999999998,0.0032
-0.00016859999999999998,0.002
-0.0001684,0.0028
-0.0001682,0.0008
-0.00016800000000000002,0.0012000000000000001
-0.0001678,0.0008
-0.0001676,0.0
-0.0001674,0.002
-0.0001672,0.0008
-0.000167,0.0028
-0.0001668,-0.0004
-0.00016659999999999998,0.0016
-0.00016639999999999998,0.0024000000000000002
-0.0001662,0.0028
-0.000166,0.0024000000000000002
-0.0001658,0.0008
-0.00016560000000000001,0.002
-0.0001654,0.0028
-0.0001652,0.0028
-0.000165,0.0032
-0.0001648,0.0016
-0.0001646,0.002
-0.00016439999999999998,0.0012000000000000001
-0.00016419999999999998,0.002
-0.000164,0.0024000000000000002
-0.0001638,0.0004
-0.0001636,0.002
-0.00016340000000000001,0.0012000000000000001
-0.0001632,0.0028
-0.000163,0.0024000000000000002
-0.0001628,0.004
-0.0001626,0.0028
-0.0001624,0.0032
-0.00016219999999999999,0.004
-0.00016199999999999998,0.004
-0.0001618,0.005200000000000001
-0.0001616,0.0036000000000000003
-0.0001614,0.0032
-0.00016120000000000002,0.0024000000000000002
-0.000161,0.0016
-0.0001608,0.0036000000000000003
-0.0001606,0.002
-0.0001604,0.0008
-0.0001602,0.0028
-0.00015999999999999999,0.0004
-0.00015979999999999998,0.0024000000000000002
-0.0001596,0.0016
-0.0001594,0.002
-0.0001592,0.002
-0.00015900000000000002,0.0028
-0.0001588,0.0028
-0.0001586,0.0024000000000000002
-0.0001584,0.0036000000000000003
-0.0001582,0.002
-0.000158,0.002
-0.0001578,0.002
-0.00015759999999999998,0.0016
-0.0001574,0.0024000000000000002
-0.0001572,0.0012000000000000001
-0.000157,0.0008
-0.00015680000000000002,0.0012000000000000001
-0.0001566,0.0004
-0.0001564,0.0012000000000000001
-0.0001562,0.0012000000000000001
-0.000156,0.002
-0.0001558,0.0
-0.0001556,0.0028
-0.00015539999999999998,0.0032
-0.0001552,0.0028
-0.000155,0.0032
-0.0001548,0.002
-0.00015460000000000002,0.004
-0.0001544,0.002
-0.0001542,0.004
-0.000154,0.0028
-0.0001538,0.0028
-0.0001536,0.0032
-0.0001534,0.0012000000000000001
-0.00015319999999999998,0.002
-0.00015299999999999998,0.0012000000000000001
-0.0001528,0.0024000000000000002
-0.0001526,0.0008
-0.00015240000000000002,0.0012000000000000001
-0.0001522,0.0028
-0.000152,0.0016
-0.0001518,0.0024000000000000002
-0.0001516,0.0012000000000000001
-0.0001514,0.002
-0.0001512,0.002
-0.00015099999999999998,0.0024000000000000002
-0.00015079999999999998,0.0048000000000000004
-0.0001506,0.0012000000000000001
-0.0001504,0.002
-0.00015020000000000002,0.0004
-0.00015000000000000001,0.0008
-0.0001498,0.002
-0.0001496,0.002
-0.0001494,0.0012000000000000001
-0.0001492,-0.0008
-0.000149,0.0004
-0.00014879999999999998,0.0008
-0.00014859999999999998,0.0004
-0.0001484,0.0008
-0.0001482,0.0008
-0.000148,0.0016
-0.00014780000000000001,0.0016
-0.0001476,0.0044
-0.0001474,0.0016
-0.0001472,0.0032
-0.000147,0.0024000000000000002
-0.0001468,0.0008
-0.00014659999999999999,0.0016
-0.00014639999999999998,0.0016
-0.0001462,0.0024000000000000002
-0.000146,0.0004
-0.0001458,0.0004
-0.00014560000000000002,0.0024000000000000002
-0.0001454,0.0016
-0.0001452,0.0032
-0.000145,0.0024000000000000002
-0.0001448,0.0032
-0.0001446,0.0028
-0.00014439999999999999,0.0028
-0.00014419999999999998,0.0056
-0.000144,0.0036000000000000003
-0.0001438,0.0044
-0.0001436,0.004
-0.00014340000000000002,0.004
-0.0001432,0.0032
-0.000143,0.0032
-0.0001428,0.0036000000000000003
-0.0001426,0.002
-0.0001424,0.0028
-0.0001422,0.0028
-0.00014199999999999998,0.0028
-0.0001418,0.0032
-0.0001416,0.0008
-0.0001414,0.0024000000000000002
-0.00014120000000000002,0.0008
-0.000141,0.0028
-0.0001408,0.0032
-0.0001406,0.0032
-0.0001404,0.0028
-0.0001402,0.0016
-0.00014,0.0032
-0.00013979999999999998,0.0024000000000000002
-0.0001396,0.0044
-0.0001394,0.0044
-0.0001392,0.0008
-0.00013900000000000002,0.0032
-0.0001388,0.0016
-0.0001386,0.0024000000000000002
-0.0001384,0.0
-0.0001382,0.0
-0.000138,0.0012000000000000001
-0.0001378,0.0012000000000000001
-0.00013759999999999998,0.0008
-0.0001374,0.0008
-0.0001372,0.0004
-0.000137,0.002
-0.00013680000000000002,-0.0032
-0.0001366,0.0008
-0.0001364,0.0012000000000000001
-0.0001362,0.0024000000000000002
-0.000136,0.0012000000000000001
-0.0001358,0.0024000000000000002
-0.0001356,0.0024000000000000002
-0.00013539999999999998,0.002
-0.00013519999999999998,0.0024000000000000002
-0.000135,0.0012000000000000001
-0.0001348,0.0012000000000000001
-0.00013460000000000002,0.0008
-0.00013440000000000001,0.0012000000000000001
-0.0001342,0.0012000000000000001
-0.000134,0.0012000000000000001
-0.0001338,0.0012000000000000001
-0.0001336,0.0004
-0.0001334,0.0028
-0.00013319999999999999,0.0016
-0.00013299999999999998,0.0024000000000000002
-0.0001328,0.0032
-0.0001326,0.0032
-0.0001324,0.0044
-0.00013220000000000001,0.0048000000000000004
-0.000132,0.0036000000000000003
-0.0001318,0.0028
-0.0001316,0.0028
-0.0001314,0.0032
-0.0001312,0.0028
-0.000131,0.0024000000000000002
-0.0001308,0.0012000000000000001
-0.0001306,0.0008
-0.0001304,0.0012000000000000001
-0.0001302,0.0004
-0.00013,0.0016
-0.0001298,0.0004
-0.0001296,0.0024000000000000002
-0.0001294,0.0024000000000000002
-0.0001292,0.0028
-0.000129,0.0028
-0.0001288,0.002
-0.0001286,0.002
-0.0001284,0.0024000000000000002
-0.0001282,0.0016
-0.000128,0.0028
-0.0001278,0.0032
-0.0001276,0.0028
-0.0001274,0.0004
-0.0001272,0.0008
-0.000127,0.0004
-0.0001268,0.0008
-0.0001266,0.0012000000000000001
-0.0001264,0.0004
-0.0001262,0.0016
-0.000126,0.0008
-0.0001258,0.002
-0.0001256,0.0016
-0.0001254,0.0012000000000000001
-0.0001252,0.0016
-0.000125,0.0016
-0.0001248,0.0044
-0.0001246,0.002
-0.0001244,0.0032
-0.0001242,0.0024000000000000002
-0.000124,0.0008
-0.0001238,0.0028
-0.0001236,0.002
-0.0001234,0.0028
-0.0001232,0.0016
-0.000123,0.0016
-0.0001228,0.0012000000000000001
-0.0001226,0.002
-0.0001224,0.0028
-0.0001222,0.0032
-0.00012200000000000001,0.0028
-0.0001218,0.0036000000000000003
-0.0001216,0.0036000000000000003
-0.0001214,0.0036000000000000003
-0.00012119999999999999,0.0028
-0.00012099999999999999,0.004
-0.00012080000000000001,0.0036000000000000003
-0.0001206,0.0032
-0.0001204,0.0032
-0.0001202,0.0024000000000000002
-0.00011999999999999999,0.0024000000000000002
-0.00011980000000000001,0.0008
-0.00011960000000000001,0.002
-0.0001194,0.0024000000000000002
-0.0001192,0.0012000000000000001
-0.00011899999999999999,0.002
-0.00011879999999999999,0.0016
-0.00011860000000000001,0.0
-0.0001184,0.0004
-0.0001182,0.0016
-0.000118,0.002
-0.00011779999999999999,0.0016
-0.00011760000000000001,0.0032
-0.00011740000000000001,0.002
-0.0001172,0.0024000000000000002
-0.000117,0.0024000000000000002
-0.00011679999999999999,0.0004
-0.00011659999999999999,0.0008
-0.00011640000000000001,0.0004
-0.0001162,0.0016
-0.000116,0.0016
-0.0001158,0.0008
-0.00011559999999999999,0.0008
-0.00011540000000000001,-0.0004
-0.00011520000000000001,0.0016
-0.000115,0.0016
-0.0001148,0.0028
-0.0001146,0.0024000000000000002
-0.00011439999999999999,0.0024000000000000002
-0.00011420000000000001,0.0036000000000000003
-0.000114,0.0024000000000000002
-0.0001138,0.0028
-0.0001136,0.0044
-0.00011339999999999999,0.0036000000000000003
-0.00011319999999999999,0.004
-0.00011300000000000001,0.0024000000000000002
-0.0001128,0.0024000000000000002
-0.0001126,0.002
-0.0001124,0.0024000000000000002
-0.00011219999999999999,0.002
-0.00011200000000000001,0.0008
-0.00011180000000000001,0.0036000000000000003
-0.0001116,0.0032
-0.0001114,0.0032
-0.00011119999999999999,0.0036000000000000003
-0.00011099999999999999,0.0024000000000000002
-0.00011080000000000001,0.0036000000000000003
-0.0001106,0.0032
-0.0001104,0.0056
-0.0001102,0.004
-0.00010999999999999999,0.0024000000000000002
-0.00010980000000000001,0.002
-0.00010960000000000001,0.0024000000000000002
-0.0001094,0.004
-0.0001092,0.002
-0.00010899999999999999,0.002
-0.00010879999999999999,0.0012000000000000001
-0.00010860000000000001,0.0004
-0.0001084,0.002
-0.0001082,-0.0008
-0.000108,0.0024000000000000002
-0.00010779999999999999,0.0012000000000000001
-0.00010760000000000001,0.002
-0.00010740000000000001,0.0012000000000000001
-0.0001072,0.002
-0.000107,0.0024000000000000002
-0.0001068,0.0012000000000000001
-0.00010659999999999999,0.0012000000000000001
-0.00010640000000000001,0.0012000000000000001
-0.0001062,0.0024000000000000002
-0.000106,0.0024000000000000002
-0.0001058,0.0016
-0.00010559999999999999,0.0012000000000000001
-0.00010540000000000001,-0.0008
-0.00010520000000000001,0.0008
-0.000105,0.0024000000000000002
-0.0001048,0.0016
-0.0001046,0.0032
-0.00010439999999999999,0.0012000000000000001
-0.00010420000000000001,0.0028
-0.00010400000000000001,0.0032
-0.0001038,0.002
-0.0001036,0.0044
-0.00010339999999999999,0.0032
-0.00010319999999999999,0.0044
-0.00010300000000000001,0.004
-0.0001028,0.0048000000000000004
-0.0001026,0.0056
-0.0001024,0.0032
-0.00010219999999999999,0.0036000000000000003
-0.00010200000000000001,0.002
-0.00010180000000000001,0.0036000000000000003
-0.0001016,0.0036000000000000003
-0.0001014,0.0028
-0.0001012,0.0024000000000000002
-0.00010099999999999999,0.0016
-0.00010080000000000001,0.0028
-0.0001006,0.002
-0.0001004,0.002
-0.0001002,0.0028
-9.999999999999999e-05,0.002
-9.980000000000001e-05,0.0028
-9.960000000000001e-05,0.0032
-9.94e-05,0.0032
-9.92e-05,0.0028
-9.9e-05,0.0012000000000000001
-9.879999999999999e-05,0.0016
-9.860000000000001e-05,0.002
-9.84e-05,0.0008
-9.82e-05,0.0004
-9.8e-05,0.0016
-9.779999999999999e-05,0.0008
-9.760000000000001e-05,0.0008
-9.740000000000001e-05,0.0016
-9.72e-05,0.0
-9.7e-05,0.0012000000000000001
-9.68e-05,0.0008
-9.659999999999999e-05,0.002
-9.640000000000001e-05,0.002
-9.620000000000001e-05,0.0024000000000000002
-9.6e-05,0.0032
-9.58e-05,0.0012000000000000001
-9.559999999999999e-05,0.0024000000000000002
-9.539999999999999e-05,0.0004
-9.520000000000001e-05,0.002
-9.5e-05,0.0028
-9.48e-05,0.0036000000000000003
-9.46e-05,0.0028
-9.439999999999999e-05,0.0016
-9.420000000000001e-05,0.0016
-9.400000000000001e-05,0.0016
-9.38e-05,0.0024000000000000002
-9.36e-05,0.0032
-9.34e-05,0.0016
-9.319999999999999e-05,0.0028
-9.300000000000001e-05,0.0024000000000000002
-9.28e-05,0.004
-9.26e-05,0.004
-9.24e-05,0.002
-9.219999999999999e-05,0.0044
-9.200000000000001e-05,0.0044
-9.180000000000001e-05,0.004
-9.16e-05,0.0048000000000000004
-9.14e-05,0.0036000000000000003
-9.12e-05,0.002
-9.099999999999999e-05,0.0016
-9.080000000000001e-05,0.004
-9.06e-05,0.0024000000000000002
-9.04e-05,0.0028
-9.02e-05,0.002
-8.999999999999999e-05,0.0004
-8.980000000000001e-05,0.0012000000000000001
-8.960000000000001e-05,0.002
-8.94e-05,0.0032
-8.92e-05,0.0024000000000000002
-8.9e-05,0.0016
-8.879999999999999e-05,0.0036000000000000003
-8.860000000000001e-05,0.0016
-8.840000000000001e-05,0.002
-8.82e-05,0.002
-8.8e-05,0.0028
-8.779999999999999e-05,0.0024000000000000002
-8.760000000000002e-05,0.0012000000000000001
-8.740000000000001e-05,0.0024000000000000002
-8.72e-05,0.0004
-8.7e-05,0.0004
-8.68e-05,0.0004
-8.659999999999999e-05,0.0004
-8.640000000000001e-05,0.0016
-8.620000000000001e-05,0.0008
-8.6e-05,0.0016
-8.58e-05,-0.0004
-8.56e-05,0.0012000000000000001
-8.539999999999999e-05,0.0016
-8.520000000000001e-05,0.0028
-8.5e-05,0.0032
-8.48e-05,0.0032
-8.46e-05,0.0016
-8.439999999999999e-05,0.0028
-8.420000000000001e-05,0.0036000000000000003
-8.400000000000001e-05,0.0024000000000000002
-8.38e-05,0.0016
-8.36e-05,0.0028
-8.34e-05,0.0032
-8.319999999999999e-05,0.0036000000000000003
-8.300000000000001e-05,0.0028
-8.280000000000001e-05,0.0032
-8.26e-05,0.0024000000000000002
-8.24e-05,0.002
-8.219999999999999e-05,0.0032
-8.200000000000001e-05,0.0036000000000000003
-8.180000000000001e-05,0.0036000000000000003
-8.16e-05,0.0032
-8.14e-05,0.0036000000000000003
-8.12e-05,0.004
-8.099999999999999e-05,0.0036000000000000003
-8.080000000000001e-05,0.0044
-8.060000000000001e-05,0.0036000000000000003
-8.04e-05,0.0036000000000000003
-8.02e-05,0.0028
-7.999999999999999e-05,0.0024000000000000002
-7.980000000000002e-05,0.0044
-7.960000000000001e-05,0.0036000000000000003
-7.94e-05,0.004
-7.92e-05,0.0012000000000000001
-7.9e-05,0.0016
-7.879999999999999e-05,0.0028
-7.860000000000001e-05,0.002
-7.840000000000001e-05,0.0012000000000000001
-7.82e-05,0.0012000000000000001
-7.8e-05,0.0012000000000000001
-7.78e-05,0.0012000000000000001
-7.759999999999999e-05,0.002
-7.740000000000001e-05,0.0032
-7.72e-05,0.0004
-7.7e-05,0.0012000000000000001
-7.68e-05,0.0008
-7.659999999999999e-05,0.0012000000000000001
-7.640000000000001e-05,0.0024000000000000002
-7.620000000000001e-05,0.0016
-7.6e-05,0.0008
-7.58e-05,-0.0012000000000000001
-7.56e-05,0.0
-7.539999999999999e-05,0.0012000000000000001
-7.520000000000001e-05,0.0008
-7.500000000000001e-05,0.0008
-7.48e-05,0.0012000000000000001
-7.46e-05,0.002
-7.439999999999999e-05,0.0012000000000000001
-7.420000000000001e-05,0.0028
-7.400000000000001e-05,0.0016
-7.38e-05,0.002
-7.36e-05,0.0032
-7.34e-05,0.0028
-7.319999999999999e-05,0.0036000000000000003
-7.300000000000001e-05,0.0024000000000000002
-7.280000000000001e-05,0.0016
-7.26e-05,0.0016
-7.24e-05,0.0012000000000000001
-7.219999999999999e-05,0.0036000000000000003
-7.200000000000002e-05,0.0024000000000000002
-7.180000000000001e-05,0.0024000000000000002
-7.16e-05,0.0028
-7.14e-05,0.0012000000000000001
-7.12e-05,0.004
-7.099999999999999e-05,0.0028
-7.080000000000001e-05,0.0048000000000000004
-7.060000000000001e-05,0.0024000000000000002
-7.04e-05,0.004
-7.02e-05,0.0044
-7e-05,0.0036000000000000003
-6.979999999999999e-05,0.0032
-6.960000000000001e-05,0.004
-6.94e-05,0.0032
-6.92e-05,0.0032
-6.9e-05,0.004
-6.879999999999999e-05,0.0036000000000000003
-6.860000000000001e-05,0.002
-6.840000000000001e-05,0.002
-6.82e-05,0.002
-6.8e-05,0.0028
-6.78e-05,0.0032
-6.759999999999999e-05,0.0012000000000000001
-6.740000000000001e-05,0.002
-6.720000000000001e-05,0.0004
-6.7e-05,0.002
-6.68e-05,0.0016
-6.659999999999999e-05,0.002
-6.640000000000001e-05,0.0024000000000000002
-6.620000000000001e-05,0.0012000000000000001
-6.6e-05,0.0016
-6.58e-05,0.0012000000000000001
-6.56e-05,0.0028
-6.539999999999999e-05,0.0008
-6.520000000000001e-05,0.0
-6.500000000000001e-05,0.0004
-6.48e-05,0.002
-6.46e-05,0.0024000000000000002
-6.44e-05,0.0008
-6.420000000000002e-05,0.0008
-6.400000000000001e-05,0.0004
-6.38e-05,0.0004
-6.36e-05,0.0024000000000000002
-6.34e-05,0.0028
-6.319999999999999e-05,0.0028
-6.300000000000001e-05,0.0024000000000000002
-6.280000000000001e-05,0.0016
-6.26e-05,0.0036000000000000003
-6.24e-05,0.0024000000000000002
-6.22e-05,0.0048000000000000004
-6.199999999999999e-05,0.0024000000000000002
-6.180000000000001e-05,0.004
-6.16e-05,0.0024000000000000002
-6.14e-05,0.0024000000000000002
-6.12e-05,0.0032
-6.099999999999999e-05,0.0
-6.0800000000000014e-05,0.0024000000000000002
-6.060000000000001e-05,0.0016
-6.0400000000000004e-05,0.002
-6.02e-05,0.0036000000000000003
-5.9999999999999995e-05,0.0024000000000000002
-5.979999999999999e-05,0.0024000000000000002
-5.960000000000001e-05,0.0032
-5.940000000000001e-05,0.002
-5.92e-05,0.0032
-5.9e-05,0.002
-5.879999999999999e-05,0.0032
-5.8600000000000015e-05,0.0016
-5.840000000000001e-05,0.0024000000000000002
-5.8200000000000005e-05,0.0016
-5.8e-05,0.0012000000000000001
-5.7799999999999995e-05,0.0028
-5.759999999999999e-05,0.0004
-5.740000000000001e-05,0.002
-5.720000000000001e-05,0.0008
-5.7e-05,0.0012000000000000001
-5.68e-05,0.0004
-5.6599999999999993e-05,0.0
-5.6400000000000016e-05,0.0012000000000000001
-5.620000000000001e-05,0.0008
-5.6000000000000006e-05,0.0028
-5.58e-05,0.002
-5.5599999999999996e-05,0.002
-5.539999999999999e-05,0.0024000000000000002
-5.5200000000000014e-05,0.0012000000000000001
-5.500000000000001e-05,0.0028
-5.4800000000000004e-05,0.002
-5.46e-05,0.0028
-5.4399999999999994e-05,0.002
-5.4200000000000016e-05,0.0008
-5.400000000000001e-05,0.0024000000000000002
-5.380000000000001e-05,0.002
-5.36e-05,0.0032
-5.34e-05,0.0032
-5.319999999999999e-05,0.0028
-5.3000000000000014e-05,0.004
-5.280000000000001e-05,0.0028
-5.2600000000000005e-05,0.0032
-5.24e-05,0.0032
-5.2199999999999995e-05,0.0032
-5.199999999999999e-05,0.0036000000000000003
-5.180000000000001e-05,0.004
-5.160000000000001e-05,0.0048000000000000004
-5.14e-05,0.0036000000000000003
-5.12e-05,0.004
-5.099999999999999e-05,0.0024000000000000002
-5.0800000000000015e-05,0.0028
-5.060000000000001e-05,0.0032
-5.0400000000000005e-05,0.0048000000000000004
-5.02e-05,0.0044
-4.9999999999999996e-05,0.0028
-4.979999999999999e-05,0.0024000000000000002
-4.960000000000001e-05,0.0032
-4.940000000000001e-05,0.0036000000000000003
-4.92e-05,0.004
-4.9e-05,0.0024000000000000002
-4.8799999999999994e-05,0.0028
-4.8600000000000016e-05,0.0012000000000000001
-4.840000000000001e-05,0.0016
-4.8200000000000006e-05,0.0032
-4.8e-05,0.0012000000000000001
-4.7799999999999996e-05,0.0016
-4.759999999999999e-05,0.0008
-4.7400000000000014e-05,0.0012000000000000001
-4.720000000000001e-05,0.0004
-4.7000000000000004e-05,0.0008
-4.68e-05,0.0012000000000000001
-4.6599999999999994e-05,-0.0004
-4.6400000000000017e-05,0.0004
-4.620000000000001e-05,0.0008
-4.600000000000001e-05,0.0012000000000000001
-4.58e-05,0.0016
-4.56e-05,0.0008
-4.539999999999999e-05,0.0016
-4.5200000000000014e-05,0.0012000000000000001
-4.500000000000001e-05,0.0036000000000000003
-4.4800000000000005e-05,0.0028
-4.46e-05,0.0028
-4.4399999999999995e-05,0.002
-4.419999999999999e-05,0.0008
-4.400000000000001e-05,0.0024000000000000002
-4.380000000000001e-05,0.0016
-4.36e-05,0.0024000000000000002
-4.34e-05,0.0024000000000000002
-4.319999999999999e-05,0.0016
-4.3000000000000015e-05,0.0028
-4.280000000000001e-05,0.0024000000000000002
-4.2600000000000005e-05,0.0028
-4.24e-05,0.0024000000000000002
-4.2199999999999996e-05,0.002
-4.199999999999999e-05,0.0032
-4.180000000000001e-05,0.004
-4.160000000000001e-05,0.0044
-4.1400000000000003e-05,0.0044
-4.12e-05,0.0032
-4.0999999999999994e-05,0.0044
-4.0800000000000016e-05,0.0036000000000000003
-4.060000000000001e-05,0.0044
-4.0400000000000006e-05,0.0036000000000000003
-4.02e-05,0.0036000000000000003
-3.9999999999999996e-05,0.002
-3.979999999999999e-05,0.0012000000000000001
-3.9600000000000014e-05,0.0024000000000000002
-3.940000000000001e-05,0.0012000000000000001
-3.9200000000000004e-05,0.0016
-3.9e-05,0.0016
-3.8799999999999994e-05,0.0012000000000000001
-3.860000000000002e-05,0.0024000000000000002
-3.840000000000001e-05,0.0016
-3.820000000000001e-05,0.002
-3.8e-05,0.0008
-3.78e-05,0.002
-3.759999999999999e-05,0.0012000000000000001
-3.7400000000000015e-05,0.0024000000000000002
-3.720000000000001e-05,0.0016
-3.7000000000000005e-05,0.0012000000000000001
-3.68e-05,0.0012000000000000001
-3.6599999999999995e-05,-0.0012000000000000001
-3.640000000000002e-05,0.0004
-3.620000000000001e-05,0.0
-3.600000000000001e-05,0.0004
-3.58e-05,0.0004
-3.56e-05,-0.0004
-3.539999999999999e-05,-0.0004
-3.5200000000000015e-05,0.0004
-3.500000000000001e-05,0.0012000000000000001
-3.4800000000000006e-05,0.002
-3.46e-05,-0.0012000000000000001
-3.4399999999999996e-05,0.0024000000000000002
-3.419999999999999e-05,0.0032
-3.400000000000001e-05,0.0016
-3.380000000000001e-05,0.0028
-3.3600000000000004e-05,0.0012000000000000001
-3.34e-05,0.002
-3.3199999999999994e-05,0.0032
-3.3000000000000016e-05,0.0024000000000000002
-3.280000000000001e-05,0.0024000000000000002
-3.2600000000000006e-05,0.0016
-3.24e-05,0.0024000000000000002
-3.22e-05,0.0016
-3.199999999999999e-05,0.002
-3.1800000000000014e-05,0.0028
-3.160000000000001e-05,0.0032
-3.1400000000000004e-05,0.0044
-3.12e-05,0.0024000000000000002
-3.0999999999999995e-05,0.0048000000000000004
-3.080000000000002e-05,0.0036000000000000003
-3.060000000000001e-05,0.004
-3.0400000000000007e-05,0.0044
-3.0200000000000002e-05,0.004
-2.9999999999999997e-05,0.0056
-2.9799999999999993e-05,0.004
-2.9600000000000015e-05,0.0056
-2.940000000000001e-05,0.002
-2.9200000000000005e-05,0.0024000000000000002
-2.9e-05,0.0024000000000000002
-2.8799999999999995e-05,0.0032
-2.8600000000000018e-05,0.004
-2.8400000000000013e-05,0.0028
-2.8200000000000008e-05,0.0016
-2.8000000000000003e-05,0.0004
-2.7799999999999998e-05,0.0004
-2.7599999999999993e-05,0.002
-2.7400000000000015e-05,0.002
-2.720000000000001e-05,0.0028
-2.7000000000000006e-05,0.0024000000000000002
-2.68e-05,0.0028
-2.6599999999999996e-05,0.0024000000000000002
-2.639999999999999e-05,0.0012000000000000001
-2.6200000000000013e-05,0.0024000000000000002
-2.600000000000001e-05,0.0012000000000000001
-2.5800000000000004e-05,0.0024000000000000002
-2.56e-05,0.0012000000000000001
-2.5399999999999994e-05,0.0012000000000000001
-2.5200000000000016e-05,0.0024000000000000002
-2.500000000000001e-05,0.0012000000000000001
-2.4800000000000007e-05,0.0016
-2.46e-05,0.0012000000000000001
-2.4399999999999997e-05,0.002
-2.4199999999999992e-05,0.0028
-2.4000000000000014e-05,0.0
-2.380000000000001e-05,0.0024000000000000002
-2.3600000000000004e-05,-0.0004
-2.34e-05,0.0028
-2.3199999999999995e-05,0.0036000000000000003
-2.3000000000000017e-05,0.0024000000000000002
-2.2800000000000012e-05,0.004
-2.2600000000000007e-05,0.002
-2.2400000000000002e-05,0.0028
-2.2199999999999998e-05,0.004
-2.1999999999999993e-05,0.0024000000000000002
-2.1800000000000015e-05,0.0032
-2.160000000000001e-05,0.0008
-2.1400000000000005e-05,0.0032
-2.12e-05,0.0012000000000000001
-2.0999999999999995e-05,0.0028
-2.0800000000000018e-05,0.0024000000000000002
-2.0600000000000013e-05,0.0016
-2.0400000000000008e-05,0.0032
-2.0200000000000003e-05,0.0028
-1.9999999999999998e-05,0.0044
-1.9799999999999993e-05,0.0036000000000000003
-1.9600000000000016e-05,0.0028
-1.940000000000001e-05,0.0028
-1.9200000000000006e-05,0.002
-1.9e-05,0.004
-1.8799999999999996e-05,0.004
-1.859999999999999e-05,0.004
-1.8400000000000014e-05,0.0024000000000000002
-1.820000000000001e-05,0.0024000000000000002
-1.8000000000000004e-05,0.002
-1.78e-05,0.0008
-1.7599999999999994e-05,0.0012000000000000001
-1.7400000000000016e-05,0.0008
-1.720000000000001e-05,0.0012000000000000001
-1.7000000000000007e-05,0.002
-1.6800000000000002e-05,0.0004
-1.6599999999999997e-05,0.0024000000000000002
-1.6399999999999992e-05,0.0
-1.6200000000000014e-05,0.0016
-1.600000000000001e-05,0.002
-1.5800000000000005e-05,0.002
-1.56e-05,0.0036000000000000003
-1.5399999999999995e-05,0.0016
-1.5200000000000017e-05,0.0016
-1.5000000000000012e-05,0.0028
-1.4800000000000007e-05,0.0012000000000000001
-1.4600000000000003e-05,0.002
-1.4399999999999998e-05,0.0016
-1.4199999999999993e-05,0.0028
-1.4000000000000015e-05,0.0008
-1.380000000000001e-05,0.0
-1.3600000000000005e-05,0.0016
-1.34e-05,0.0012000000000000001
-1.3199999999999996e-05,0.0032
-1.3000000000000018e-05,0.0004
-1.2800000000000013e-05,0.0028
-1.2600000000000008e-05,0.004
-1.2400000000000003e-05,0.0036000000000000003
-1.2199999999999998e-05,0.0032
-1.1999999999999994e-05,0.0024000000000000002
-1.1800000000000016e-05,0.0036000000000000003
-1.1600000000000011e-05,0.004
-1.1400000000000006e-05,0.0044
-1.1200000000000001e-05,0.004
-1.0999999999999996e-05,0.0028
-1.0799999999999991e-05,0.0024000000000000002
-1.0600000000000014e-05,0.0
-1.0400000000000009e-05,0.0036000000000000003
-1.0200000000000004e-05,0.0024000000000000002
-9.999999999999999e-06,0.0028
-9.800000000000021e-06,0.0032
-9.600000000000017e-06,0.0024000000000000002
-9.400000000000012e-06,0.004
-9.200000000000007e-06,0.0028
-9.000000000000002e-06,0.0036000000000000003
-8.799999999999997e-06,0.0036000000000000003
-8.599999999999992e-06,0.002
-8.399999999999987e-06,0.0036000000000000003
-8.199999999999982e-06,0.0028
-8.000000000000032e-06,0.0036000000000000003
-7.800000000000027e-06,0.0016
-7.600000000000022e-06,0.0016
-7.400000000000017e-06,0.0012000000000000001
-7.200000000000012e-06,0.0004
-7.0000000000000075e-06,0.0024000000000000002
-6.800000000000003e-06,0.0008
-6.599999999999998e-06,0.002
-6.399999999999993e-06,-0.0016
-6.199999999999988e-06,-0.0008
-5.999999999999983e-06,0.0004
-5.799999999999978e-06,0.0008
-5.600000000000028e-06,0.0024000000000000002
-5.400000000000023e-06,0.0024000000000000002
-5.200000000000018e-06,0.0016
-5.000000000000013e-06,-0.0008
-4.800000000000008e-06,0.002
-4.600000000000003e-06,0.0032
-4.3999999999999985e-06,0.0016
-4.199999999999994e-06,0.0036000000000000003
-3.999999999999989e-06,0.0028
-3.799999999999984e-06,0.0016
-3.599999999999979e-06,0.0024000000000000002
-3.4000000000000284e-06,0.0016
-3.2000000000000236e-06,0.002
-3.0000000000000187e-06,0.0004
-2.800000000000014e-06,0.002
-2.600000000000009e-06,0.0016
-2.400000000000004e-06,0.0036000000000000003
-2.1999999999999993e-06,0.0032
-1.9999999999999944e-06,0.0008
-1.7999999999999895e-06,0.0032
-1.5999999999999847e-06,0.0036000000000000003
-1.3999999999999798e-06,0.0056
-1.2000000000000292e-06,0.005200000000000001
-1.0000000000000243e-06,0.0048000000000000004
-8.000000000000194e-07,0.004
-6.000000000000146e-07,0.0032
-4.000000000000097e-07,0.004
-2.0000000000000486e-07,0.004
0.0,0.0032
2.0000000000000486e-07,0.002
4.000000000000097e-07,0.0
6.000000000000146e-07,0.0016
8.000000000000194e-07,0.0012000000000000001
9.9999999999997e-07,0.0028
1.199999999999975e-06,0.0016
1.3999999999999798e-06,0.0024000000000000002
1.5999999999999847e-06,0.0024000000000000002
1.7999999999999895e-06,0.002
1.9999999999999944e-06,0.0016
2.1999999999999993e-06,0.0016
2.400000000000004e-06,0.002
2.600000000000009e-06,0.0008
2.800000000000014e-06,0.0024000000000000002
3.0000000000000187e-06,0.0028
3.1999999999999694e-06,0.0016
3.3999999999999742e-06,0.0008
3.599999999999979e-06,-0.0008
3.799999999999984e-06,0.0012000000000000001
3.999999999999989e-06,0.0
4.199999999999994e-06,0.0008
4.3999999999999985e-06,0.0008
4.600000000000003e-06,0.0012000000000000001
4.800000000000008e-06,-0.0004
5.000000000000013e-06,0.0004
5.200000000000018e-06,0.0016
5.399999999999969e-06,0.0008
5.5999999999999735e-06,0.002
5.799999999999978e-06,0.0024000000000000002
5.999999999999983e-06,0.0024000000000000002
6.199999999999988e-06,0.0036000000000000003
6.399999999999993e-06,0.0028
6.599999999999998e-06,0.002
6.800000000000003e-06,0.002
7.0000000000000075e-06,0.0028
7.200000000000012e-06,0.0028
7.400000000000017e-06,0.002
7.599999999999968e-06,0.004
7.799999999999973e-06,0.0016
7.999999999999978e-06,0.0036000000000000003
8.199999999999982e-06,0.0016
8.399999999999987e-06,0.0032
8.599999999999992e-06,0.004
8.799999999999997e-06,0.0032
9.000000000000002e-06,0.0036000000000000003
9.200000000000007e-06,0.0032
9.400000000000012e-06,0.0036000000000000003
9.600000000000017e-06,0.0028
9.799999999999967e-06,0.0044
9.999999999999972e-06,0.0044
1.0199999999999977e-05,0.002
1.0399999999999982e-05,0.0048000000000000004
1.0599999999999987e-05,0.0016
1.0799999999999991e-05,0.002
1.0999999999999996e-05,0.0012000000000000001
1.1200000000000001e-05,0.002
1.1400000000000006e-05,0.0004
1.1600000000000011e-05,0.0016
1.1800000000000016e-05,0.002
1.200000000000002e-05,0.0012000000000000001
1.2199999999999971e-05,0.0004
1.2399999999999976e-05,0.0012000000000000001
1.2599999999999981e-05,0.0004
1.2799999999999986e-05,0.0028
1.299999999999999e-05,0.0012000000000000001
1.3199999999999996e-05,0.0032
1.34e-05,0.0008
1.3600000000000005e-05,0.0016
1.380000000000001e-05,0.0016
1.4000000000000015e-05,0.0012000000000000001
1.420000000000002e-05,0.0024000000000000002
1.439999999999997e-05,0.0008
1.4599999999999975e-05,0.0016
1.479999999999998e-05,0.0004
1.4999999999999985e-05,0.0016
1.519999999999999e-05,0.0016
1.5399999999999995e-05,-0.0004
1.56e-05,0.0016
1.5800000000000005e-05,0.0012000000000000001
1.600000000000001e-05,0.0028
1.6200000000000014e-05,0.0036000000000000003
1.640000000000002e-05,0.0036000000000000003
1.659999999999997e-05,0.0016
1.6799999999999975e-05,0.002
1.699999999999998e-05,0.0032
1.7199999999999984e-05,0.0028
1.739999999999999e-05,0.0048000000000000004
1.7599999999999994e-05,0.0024000000000000002
1.78e-05,0.0024000000000000002
1.8000000000000004e-05,0.0024000000000000002
1.820000000000001e-05,0.0008
1.8400000000000014e-05,0.0032
1.860000000000002e-05,0.0028
1.879999999999997e-05,0.0012000000000000001
1.8999999999999974e-05,0.002
1.919999999999998e-05,0.0024000000000000002
1.9399999999999984e-05,0.0028
1.959999999999999e-05,0.0024000000000000002
1.9799999999999993e-05,0.0036000000000000003
1.9999999999999998e-05,0.002
2.0200000000000003e-05,0.004
2.0400000000000008e-05,0.0044
2.0600000000000013e-05,0.0048000000000000004
2.0800000000000018e-05,0.0044
2.099999999999997e-05,0.0024000000000000002
2.1199999999999973e-05,0.0016
2.1399999999999978e-05,0.0024000000000000002
2.1599999999999983e-05,0.0024000000000000002
2.1799999999999988e-05,0.0024000000000000002
2.1999999999999993e-05,0.0012000000000000001
2.2199999999999998e-05,0.0016
2.2400000000000002e-05,0.0
2.2600000000000007e-05,0.0016
2.2800000000000012e-05,0.002
2.3000000000000017e-05,0.0024000000000000002
2.3199999999999968e-05,0.002
2.3399999999999972e-05,0.0012000000000000001
2.3599999999999977e-05,0.0024000000000000002
2.3799999999999982e-05,0.002
2.3999999999999987e-05,0.0028
2.4199999999999992e-05,0.0024000000000000002
2.4399999999999997e-05,0.0024000000000000002
2.46e-05,0.0028
2.4800000000000007e-05,0.0028
2.500000000000001e-05,0.0028
2.5200000000000016e-05,0.0024000000000000002
2.5399999999999967e-05,0.002
2.5599999999999972e-05,-0.0004
2.5799999999999977e-05,0.0012000000000000001
2.599999999999998e-05,0.002
2.6199999999999986e-05,0.0
2.639999999999999e-05,0.0012000000000000001
2.6599999999999996e-05,0.0
2.68e-05,0.0016
2.7000000000000006e-05,0.0008
2.720000000000001e-05,0.002
2.7400000000000015e-05,0.0016
2.760000000000002e-05,0.002
2.779999999999997e-05,0.0032
2.7999999999999976e-05,0.0024000000000000002
2.819999999999998e-05,0.002
2.8399999999999986e-05,0.0024000000000000002
2.859999999999999e-05,0.0012000000000000001
2.8799999999999995e-05,0.0028
2.9e-05,0.002
2.9200000000000005e-05,0.0032
2.940000000000001e-05,0.0028
2.9600000000000015e-05,0.002
2.980000000000002e-05,0.0012000000000000001
2.999999999999997e-05,0.0004
3.0199999999999975e-05,0.0012000000000000001
3.039999999999998e-05,0.002
3.0599999999999985e-05,0.0028
3.079999999999999e-05,0.0036000000000000003
3.0999999999999995e-05,0.002
3.12e-05,0.0032
3.1400000000000004e-05,0.002
3.160000000000001e-05,0.0032
3.1800000000000014e-05,0.0032
3.200000000000002e-05,0.0036000000000000003
3.219999999999997e-05,0.0036000000000000003
3.2399999999999974e-05,0.0032
3.259999999999998e-05,0.0036000000000000003
3.2799999999999984e-05,0.002
3.299999999999999e-05,0.0004
3.3199999999999994e-05,0.0012000000000000001
3.34e-05,0.0008
3.3600000000000004e-05,0.002
3.380000000000001e-05,0.0016
3.400000000000001e-05,0.002
3.420000000000002e-05,0.0008
3.439999999999997e-05,0.0016
3.4599999999999974e-05,0.0032
3.479999999999998e-05,0.0028
3.499999999999998e-05,0.0028
3.519999999999999e-05,0.0024000000000000002
3.539999999999999e-05,0.0028
3.56e-05,0.0016
3.58e-05,0.0024000000000000002
3.600000000000001e-05,0.0032
3.620000000000001e-05,0.0004
3.640000000000002e-05,0.0016
3.659999999999997e-05,0.0008
3.679999999999997e-05,0.0016
3.699999999999998e-05,0.0028
3.719999999999998e-05,0.0
3.739999999999999e-05,0.0008
3.759999999999999e-05,0.0008
3.78e-05,0.0028
3.8e-05,0.0028
3.820000000000001e-05,0.0024000000000000002
3.840000000000001e-05,0.0024000000000000002
3.860000000000002e-05,0.0016
3.879999999999997e-05,0.002
3.899999999999997e-05,0.0032
3.919999999999998e-05,0.0036000000000000003
3.939999999999998e-05,0.004
3.959999999999999e-05,0.002
3.979999999999999e-05,0.0032
3.9999999999999996e-05,0.0024000000000000002
4.02e-05,0.0028
4.0400000000000006e-05,0.0024000000000000002
4.060000000000001e-05,0.002
4.0800000000000016e-05,0.002
4.0999999999999967e-05,0.0024000000000000002
4.119999999999997e-05,0.0032
4.1399999999999976e-05,0.0032
4.159999999999998e-05,0.0012000000000000001
4.1799999999999986e-05,0.0028
4.199999999999999e-05,0.0016
4.2199999999999996e-05,0.004
4.24e-05,0.004
4.2600000000000005e-05,0.0036000000000000003
4.280000000000001e-05,0.0032
4.3000000000000015e-05,0.0012000000000000001
4.3199999999999966e-05,0.0024000000000000002
4.339999999999997e-05,0.002
4.3599999999999976e-05,0.002
4.379999999999998e-05,0.0024000000000000002
4.3999999999999985e-05,0.0004
4.419999999999999e-05,0.0012000000000000001
4.4399999999999995e-05,0.0012000000000000001
4.46e-05,0.0012000000000000001
4.4800000000000005e-05,0.0008
4.500000000000001e-05,0.0016
4.5200000000000014e-05,0.0016
4.540000000000002e-05,0.002
4.559999999999997e-05,0.002
4.5799999999999975e-05,0.0028
4.599999999999998e-05,0.0012000000000000001
4.6199999999999985e-05,0.0
4.639999999999999e-05,0.0008
4.6599999999999994e-05,0.002
4.68e-05,0.0024000000000000002
4.7000000000000004e-05,0.0012000000000000001
4.720000000000001e-05,0.0024000000000000002
4.7400000000000014e-05,-0.0004
4.760000000000002e-05,0.002
4.779999999999997e-05,0.0016
4.7999999999999974e-05,0.002
4.819999999999998e-05,0.0028
4.8399999999999984e-05,0.0016
4.859999999999999e-05,0.0032
4.8799999999999994e-05,0.0024000000000000002
4.9e-05,0.0024000000000000002
4.92e-05,0.004
4.940000000000001e-05,0.0028
4.960000000000001e-05,0.0032
4.980000000000002e-05,0.0028
4.999999999999997e-05,0.004
5.019999999999997e-05,0.0024000000000000002
5.039999999999998e-05,0.0036000000000000003
5.059999999999998e-05,0.0028
5.079999999999999e-05,0.002
5.099999999999999e-05,0.002
5.12e-05,0.0028
5.14e-05,0.0024000000000000002
5.160000000000001e-05,0.0032
5.180000000000001e-05,0.0012000000000000001
5.200000000000002e-05,0.0024000000000000002
5.219999999999997e-05,0.0008
5.239999999999997e-05,0.004
5.259999999999998e-05,0.0036000000000000003
5.279999999999998e-05,0.0024000000000000002
5.299999999999999e-05,0.0024000000000000002
5.319999999999999e-05,0.0016
5.34e-05,0.0028
5.36e-05,0.0016
5.380000000000001e-05,0.0024000000000000002
5.400000000000001e-05,0.0032
5.4200000000000016e-05,0.0012000000000000001
5.439999999999997e-05,0.0024000000000000002
5.459999999999997e-05,0.0012000000000000001
5.479999999999998e-05,0.0008
5.499999999999998e-05,0.0016
5.5199999999999986e-05,0.0
5.539999999999999e-05,0.0024000000000000002
5.5599999999999996e-05,0.002
5.58e-05,0.0028
5.6000000000000006e-05,0.0028
5.620000000000001e-05,0.0012000000000000001
5.6400000000000016e-05,0.002
5.6599999999999966e-05,0.002
5.679999999999997e-05,0.0032
5.6999999999999976e-05,0.002
5.719999999999998e-05,0.002
5.7399999999999986e-05,0.0008
5.759999999999999e-05,0.0004
5.7799999999999995e-05,0.0024000000000000002
5.8e-05,0.0016
5.8200000000000005e-05,0.002
5.840000000000001e-05,0.0016
5.8600000000000015e-05,0.0016
5.8799999999999966e-05,0.0036000000000000003
5.899999999999997e-05,0.0028
5.9199999999999975e-05,0.0036000000000000003
5.939999999999998e-05,0.0024000000000000002
5.9599999999999985e-05,0.0016
5.979999999999999e-05,0.0044
5.9999999999999995e-05,0.0024000000000000002
6.02e-05,0.004
6.0400000000000004e-05,0.0032
6.060000000000001e-05,0.0024000000000000002
6.0800000000000014e-05,0.0016
6.0999999999999965e-05,0.0024000000000000002
6.119999999999997e-05,0.0036000000000000003
6.139999999999997e-05,0.0016
6.159999999999998e-05,0.002
6.179999999999998e-05,0.0008
6.199999999999999e-05,0.0008
6.22e-05,0.0028
6.24e-05,0.0012000000000000001
6.26e-05,0.0032
6.280000000000001e-05,0.0008
6.300000000000001e-05,0.0024000000000000002
6.320000000000002e-05,0.0028
6.339999999999997e-05,0.002
6.359999999999997e-05,0.0028
6.379999999999998e-05,0.0024000000000000002
6.399999999999998e-05,0.002
6.419999999999999e-05,0.0028
6.44e-05,0.0016
6.46e-05,0.002
6.48e-05,0.0004
6.500000000000001e-05,0.0012000000000000001
6.520000000000001e-05,0.0004
6.540000000000002e-05,0.0008
6.559999999999997e-05,0.0016
6.579999999999997e-05,0.002
6.599999999999998e-05,0.0024000000000000002
6.619999999999998e-05,0.0008
6.639999999999999e-05,0.0016
6.659999999999999e-05,0.002
6.68e-05,0.0024000000000000002
6.7e-05,0.0036000000000000003
6.720000000000001e-05,0.002
6.740000000000001e-05,0.0016
6.760000000000002e-05,0.0008
6.779999999999997e-05,0.002
6.799999999999997e-05,0.0016
6.819999999999998e-05,0.0008
6.839999999999998e-05,0.0028
6.859999999999999e-05,0.0016
6.879999999999999e-05,0.004
6.9e-05,0.002
6.92e-05,0.002
6.94e-05,0.0008
6.960000000000001e-05,0.0012000000000000001
6.980000000000002e-05,0.0032
6.999999999999997e-05,0.002
7.019999999999997e-05,0.0044
7.039999999999998e-05,0.0028
7.059999999999998e-05,0.0032
7.079999999999999e-05,0.0044
7.099999999999999e-05,0.0016
7.12e-05,0.0036000000000000003
7.14e-05,0.0028
7.16e-05,0.0032
7.180000000000001e-05,0.002
7.200000000000002e-05,0.0016
7.219999999999997e-05,0.0028
7.239999999999997e-05,0.002
7.259999999999998e-05,0.0032
7.279999999999998e-05,0.0012000000000000001
7.299999999999999e-05,0.0036000000000000003
7.319999999999999e-05,0.0036000000000000003
7.34e-05,0.0032
7.36e-05,0.004
7.38e-05,0.002
7.400000000000001e-05,0.0028
7.420000000000001e-05,0.0024000000000000002
7.439999999999997e-05,0.0044
7.459999999999997e-05,0.0036000000000000003
7.479999999999998e-05,0.0032
7.499999999999998e-05,0.0024000000000000002
7.519999999999998e-05,0.0016
7.539999999999999e-05,0.002
7.56e-05,0.002
7.58e-05,0.0008
7.6e-05,0.0024000000000000002
7.620000000000001e-05,0.0
7.640000000000001e-05,0.0016
7.659999999999996e-05,0.0008
7.679999999999997e-05,0.0008
7.699999999999997e-05,0.0012000000000000001
7.719999999999998e-05,0.0008
7.739999999999998e-05,0.0024000000000000002
7.759999999999999e-05,0.0012000000000000001
7.78e-05,0.0032
7.8e-05,0.0008
7.82e-05,0.0016
7.840000000000001e-05,0.0016
7.860000000000001e-05,0.0024000000000000002
7.879999999999996e-05,0.0028
7.899999999999997e-05,0.0016
7.919999999999997e-05,0.0016
7.939999999999998e-05,-0.0004
7.959999999999998e-05,0.0012000000000000001
7.979999999999999e-05,0.0012000000000000001
7.999999999999999e-05,0.0012000000000000001
8.02e-05,0.0024000000000000002
8.04e-05,0.0012000000000000001
8.060000000000001e-05,0.0032
8.080000000000001e-05,0.0032
8.100000000000002e-05,0.0024000000000000002
8.119999999999997e-05,0.0036000000000000003
8.139999999999997e-05,0.0028
8.159999999999998e-05,0.004
8.179999999999998e-05,0.0028
8.199999999999999e-05,0.0048000000000000004
8.219999999999999e-05,0.0048000000000000004
8.24e-05,0.004
8.26e-05,0.0036000000000000003
8.280000000000001e-05,0.0028
8.300000000000001e-05,0.0036000000000000003
8.320000000000002e-05,0.0028
8.339999999999997e-05,0.0032
8.359999999999997e-05,0.0028
8.379999999999998e-05,0.002
8.399999999999998e-05,0.002
8.419999999999999e-05,0.0016
8.439999999999999e-05,0.0024000000000000002
8.46e-05,0.002
8.48e-05,0.002
8.5e-05,0.002
8.520000000000001e-05,0.0028
8.540000000000002e-05,0.0036000000000000003
8.559999999999997e-05,0.0016
8.579999999999997e-05,0.002
8.599999999999998e-05,0.0012000000000000001
8.619999999999998e-05,0.0012000000000000001
8.639999999999999e-05,0.0016
8.659999999999999e-05,0.0012000000000000001
8.68e-05,0.0004
8.7e-05,-0.0016
8.72e-05,-0.0004
8.740000000000001e-05,-0.0008
8.760000000000002e-05,0.0008
8.779999999999997e-05,0.0008
8.799999999999997e-05,0.0
8.819999999999998e-05,0.0012000000000000001
8.839999999999998e-05,0.0012000000000000001
8.859999999999999e-05,0.0028
8.879999999999999e-05,0.002
8.9e-05,0.0028
8.92e-05,0.0024000000000000002
8.94e-05,0.0028
8.960000000000001e-05,0.0036000000000000003
8.980000000000001e-05,0.0028
8.999999999999997e-05,0.0028
9.019999999999997e-05,0.0016
9.039999999999997e-05,0.0028
9.059999999999998e-05,0.0032
9.079999999999998e-05,0.0032
9.099999999999999e-05,0.0044
9.12e-05,0.0032
9.14e-05,0.0028
9.16e-05,0.0024000000000000002
9.180000000000001e-05,0.0036000000000000003
9.200000000000001e-05,0.004
9.219999999999996e-05,0.0044
9.239999999999997e-05,0.005200000000000001
9.259999999999997e-05,0.0036000000000000003
9.279999999999998e-05,0.0036000000000000003
9.299999999999998e-05,0.0028
9.319999999999999e-05,0.0028
9.34e-05,0.0048000000000000004
9.36e-05,0.0016
9.38e-05,0.0028
9.400000000000001e-05,0.0012000000000000001
9.420000000000001e-05,0.0008
9.439999999999996e-05,0.0012000000000000001
9.459999999999997e-05,0.0004
9.479999999999997e-05,0.0016
9.499999999999998e-05,0.0
9.519999999999998e-05,0.0028
9.539999999999999e-05,0.0028
9.559999999999999e-05,0.0008
9.58e-05,0.0016
9.6e-05,-0.0012000000000000001
9.620000000000001e-05,0.0016
9.640000000000001e-05,0.0004
9.660000000000002e-05,0.0016
9.679999999999997e-05,0.0004
9.699999999999997e-05,0.0004
9.719999999999998e-05,0.0008
9.739999999999998e-05,0.0
9.759999999999999e-05,0.0016
9.779999999999999e-05,0.0008
9.8e-05,0.0008
9.82e-05,0.002
9.84e-05,0.002
9.860000000000001e-05,0.0032
9.880000000000002e-05,0.002
9.899999999999997e-05,0.0028
9.919999999999997e-05,0.0016
9.939999999999998e-05,0.0036000000000000003
9.959999999999998e-05,0.0036000000000000003
9.979999999999999e-05,0.004
9.999999999999999e-05,0.005200000000000001
0.0001002,0.0028
0.0001004,0.0024000000000000002
0.0001006,0.0028
0.00010080000000000001,0.0024000000000000002
0.00010100000000000002,0.0032
0.00010119999999999997,0.004
0.00010139999999999997,0.0028
0.00010159999999999998,0.002
0.00010179999999999998,0.0016
0.00010199999999999999,0.0036000000000000003
0.00010219999999999999,0.002
0.0001024,0.0036000000000000003
0.0001026,0.0028
0.0001028,0.0032
0.00010300000000000001,0.0024000000000000002
0.00010320000000000001,0.0028
0.00010339999999999997,0.0024000000000000002
0.00010359999999999997,0.0016
0.00010379999999999998,0.002
0.00010399999999999998,0.0008
0.00010419999999999998,0.0016
0.00010439999999999999,0.0004
0.0001046,0.0
0.0001048,-0.0012000000000000001
0.000105,-0.0004
0.00010520000000000001,0.0016
0.00010540000000000001,0.0
0.00010559999999999996,0.0012000000000000001
0.00010579999999999997,0.0008
0.00010599999999999997,0.0008
0.00010619999999999998,0.002
0.00010639999999999998,0.0012000000000000001
0.00010659999999999999,0.0032
0.0001068,0.0016
0.000107,0.0024000000000000002
0.0001072,0.002
0.00010740000000000001,0.0012000000000000001
0.00010760000000000001,0.002
0.00010779999999999996,0.0012000000000000001
0.00010799999999999997,0.0016
0.00010819999999999997,0.002
0.00010839999999999998,0.0016
0.00010859999999999998,0.0044
0.00010879999999999999,0.0016
0.00010899999999999999,0.0028
0.0001092,0.0004
0.0001094,0.0032
0.00010960000000000001,0.0032
0.00010980000000000001,0.005200000000000001
0.00010999999999999996,0.0048000000000000004
0.00011019999999999997,0.0048000000000000004
0.00011039999999999997,0.004
0.00011059999999999998,0.0036000000000000003
0.00011079999999999998,0.0044
0.00011099999999999999,0.0048000000000000004
0.00011119999999999999,0.0032
0.0001114,0.0036000000000000003
0.0001116,0.002
0.00011180000000000001,0.004
0.00011200000000000001,0.002
0.00011219999999999996,0.0024000000000000002
0.00011239999999999997,0.0028
0.00011259999999999997,0.002
0.00011279999999999998,0.0032
0.00011299999999999998,0.002
0.00011319999999999999,0.0024000000000000002
0.00011339999999999999,0.002
0.0001136,0.0008
0.0001138,0.0008
0.000114,0.0016
0.00011420000000000001,0.0032
0.00011440000000000002,0.0008
0.00011459999999999997,0.0016
0.00011479999999999997,0.0004
0.00011499999999999998,0.0004
0.00011519999999999998,0.0012000000000000001
0.00011539999999999999,-0.0012000000000000001
0.00011559999999999999,0.0004
0.0001158,0.0
0.000116,0.0004
0.0001162,0.0
0.00011640000000000001,0.0004
0.00011660000000000002,0.002
0.00011679999999999997,0.0004
0.00011699999999999997,0.0024000000000000002
0.00011719999999999998,0.002
0.00011739999999999998,0.0024000000000000002
0.00011759999999999999,0.0028
0.00011779999999999999,0.0016
0.000118,0.0028
0.0001182,0.002
0.0001184,0.0036000000000000003
0.00011860000000000001,0.0044
0.00011880000000000001,0.0028
0.00011899999999999997,0.0024000000000000002
0.00011919999999999997,0.0012000000000000001
0.00011939999999999997,0.0036000000000000003
0.00011959999999999998,0.0032
0.00011979999999999998,0.0036000000000000003
0.00011999999999999999,0.004
0.0001202,0.004
0.0001204,0.0044
0.0001206,0.0036000000000000003
0.00012080000000000001,0.004
0.00012100000000000001,0.0044
0.00012119999999999996,0.0032
0.00012139999999999997,0.0032
0.00012159999999999997,0.0024000000000000002
0.00012179999999999998,0.0044
0.00012199999999999998,0.0032
0.0001222,0.0016
0.0001224,0.0016
0.0001226,0.002
0.0001228,0.0028
0.000123,0.0028
0.0001232,0.002
0.00012339999999999996,0.002
0.00012359999999999997,0.0004
0.00012379999999999997,0.002
0.00012399999999999998,0.0016
0.00012419999999999998,0.0032
0.0001244,0.002
0.0001246,0.002
0.0001248,0.002
0.000125,0.0012000000000000001
0.0001252,0.0024000000000000002
0.0001254,0.0
0.00012559999999999996,-0.0004
0.00012579999999999997,0.0012000000000000001
0.00012599999999999997,0.0004
0.00012619999999999998,0.0008
0.00012639999999999998,0.0016
0.0001266,0.0008
0.0001268,-0.0008
0.000127,0.0008
0.0001272,0.0024000000000000002
0.0001274,0.0004
0.0001276,0.0024000000000000002
0.00012779999999999996,0.0016
0.00012799999999999997,0.002
0.00012819999999999997,0.0028
0.00012839999999999998,0.0024000000000000002
0.00012859999999999998,0.0036000000000000003
0.0001288,0.002
0.000129,0.0024000000000000002
0.0001292,0.0028
0.0001294,0.0032
0.0001296,0.0036000000000000003
0.0001298,0.0012000000000000001
0.00013000000000000002,0.0024000000000000002
0.00013019999999999997,0.002
0.00013039999999999997,0.0032
0.00013059999999999998,0.004
0.00013079999999999998,0.0028
0.00013099999999999999,0.0036000000000000003
0.0001312,0.0028
0.0001314,0.0036000000000000003
0.0001316,0.0036000000000000003
0.0001318,0.0044
0.000132,0.0044
0.00013220000000000001,0.0016
0.00013239999999999997,0.0036000000000000003
0.00013259999999999997,0.0032
0.00013279999999999998,0.0024000000000000002
0.00013299999999999998,0.0032
0.00013319999999999999,0.0028
0.0001334,0.0024000000000000002
0.0001336,0.002
0.0001338,0.0032
0.000134,0.0024000000000000002
0.0001342,0.002
0.00013440000000000001,0.0004
0.00013459999999999996,0.002
0.00013479999999999997,0.004
0.00013499999999999997,0.0036000000000000003
0.00013519999999999998,0.0028
0.00013539999999999998,0.0028
0.0001356,0.0008
0.0001358,0.0028
0.000136,0.0012000000000000001
0.0001362,0.0012000000000000001
0.0001364,0.0016
0.0001366,0.0008
0.00013679999999999996,0.0024000000000000002
0.00013699999999999997,0.0008
0.00013719999999999997,0.0016
0.00013739999999999998,0.0
0.00013759999999999998,0.0004
0.0001378,0.0028
0.000138,0.0012000000000000001
0.0001382,0.0036000000000000003
0.0001384,0.0012000000000000001
0.0001386,0.0024000000000000002
0.0001388,0.0004
0.00013899999999999996,0.0012000000000000001
0.00013919999999999997,0.0032
0.00013939999999999997,0.0024000000000000002
0.00013959999999999998,0.0032
0.00013979999999999998,0.0016
0.00014,0.0008
0.0001402,0.0024000000000000002
0.0001404,0.002
0.0001406,0.0024000000000000002
0.0001408,0.0016
0.000141,0.0028
0.00014119999999999996,0.0024000000000000002
0.00014139999999999997,0.0024000000000000002
0.00014159999999999997,0.002
0.00014179999999999998,0.0008
0.00014199999999999998,0.0028
0.0001422,0.002
0.0001424,0.004
0.0001426,0.004
0.0001428,0.0024000000000000002
0.000143,0.004
0.0001432,0.0036000000000000003
0.00014339999999999996,0.0032
0.00014359999999999997,0.0028
0.00014379999999999997,0.002
0.00014399999999999998,0.004
0.00014419999999999998,0.0028
0.00014439999999999999,0.0024000000000000002
0.0001446,0.0012000000000000001
0.0001448,0.0024000000000000002
0.000145,0.0024000000000000002
0.0001452,0.002
0.0001454,0.0024000000000000002
0.00014559999999999996,0.0028
0.00014579999999999997,0.0044
0.00014599999999999997,0.0028
0.00014619999999999998,0.0012000000000000001
0.00014639999999999998,0.0024000000000000002
0.00014659999999999999,0.0024000000000000002
0.0001468,0.0012000000000000001
0.000147,0.0016
0.0001472,0.0016
0.0001474,0.0
0.0001476,-0.0004
0.00014780000000000001,0.0008
0.00014799999999999997,0.0008
0.00014819999999999997,0.0012000000000000001
0.00014839999999999998,0.0012000000000000001
0.00014859999999999998,0.002
0.00014879999999999998,0.0024000000000000002
0.000149,0.0016
0.0001492,0.0016
0.0001494,0.0016
0.0001496,0.0024000000000000002
0.0001498,0.002
0.00015000000000000001,0.0028
0.00015019999999999996,0.0024000000000000002
0.00015039999999999997,0.0012000000000000001
0.00015059999999999997,0.002
0.00015079999999999998,0.002
0.00015099999999999998,0.0016
0.0001512,0.0024000000000000002
0.0001514,0.0024000000000000002
0.0001516,0.0032
0.0001518,0.0024000000000000002
0.000152,0.0032
0.0001522,0.0032
0.00015239999999999996,0.0036000000000000003
0.00015259999999999997,0.0044
0.00015279999999999997,0.004
0.00015299999999999998,0.0048000000000000004
0.00015319999999999998,0.0036000000000000003
0.0001534,0.0028
0.0001536,0.0028
0.0001538,0.0024000000000000002
0.000154,0.0024000000000000002
0.0001542,0.0008
0.0001544,0.0036000000000000003
0.00015459999999999996,0.002
0.00015479999999999997,0.0012000000000000001
0.00015499999999999997,0.0008
0.00015519999999999998,0.0016
0.00015539999999999998,0.002
0.0001556,0.0024000000000000002
0.0001558,0.0028
0.000156,0.0028
0.0001562,0.002
0.0001564,0.0024000000000000002
0.0001566,0.0016
0.00015679999999999996,0.0024000000000000002
0.00015699999999999997,0.0016
0.00015719999999999997,0.0016
0.00015739999999999998,0.0012000000000000001
0.00015759999999999998,0.0008
0.0001578,0.002
0.000158,-0.0004
0.0001582,0.0016
0.0001584,0.0004
0.0001586,0.002
0.0001588,0.002
0.00015899999999999996,0.0016
0.00015919999999999997,0.0024000000000000002
0.00015939999999999997,0.0012000000000000001
0.00015959999999999998,0.0028
0.00015979999999999998,0.0028
0.00015999999999999999,0.004
0.0001602,0.0032
0.0001604,0.0032
0.0001606,0.0036000000000000003
0.0001608,0.002
0.000161,0.0028
0.00016119999999999996,0.0024000000000000002
0.00016139999999999997,0.0028
0.00016159999999999997,0.0016
0.00016179999999999998,0.002
0.00016199999999999998,0.0024000000000000002
0.00016219999999999999,0.0016
0.0001624,0.0028
0.0001626,0.002
0.0001628,0.0036000000000000003
0.000163,0.0044
0.0001632,0.004
0.00016339999999999996,0.0044
0.00016359999999999997,0.0024000000000000002
0.00016379999999999997,0.0028
0.00016399999999999997,0.0028
0.00016419999999999998,0.002
0.00016439999999999998,0.0028
0.0001646,0.002
0.0001648,0.0024000000000000002
0.000165,0.0012000000000000001
0.0001652,0.0024000000000000002
0.0001654,0.0012000000000000001
0.00016560000000000001,0.0008
0.00016579999999999996,0.0012000000000000001
0.00016599999999999997,0.002
0.00016619999999999997,0.0016
0.00016639999999999998,0.0016
0.00016659999999999998,0.0016
0.0001668,0.0012000000000000001
0.000167,0.002
0.0001672,0.0028
0.0001674,0.002
0.0001676,0.0032
0.0001678,0.0016
0.00016799999999999996,0.0016
0.00016819999999999997,0.0008
0.00016839999999999997,0.0008
0.00016859999999999998,0.0008
0.00016879999999999998,0.0004
0.000169,0.002
0.0001692,0.0012000000000000001
0.0001694,0.0016
0.0001696,0.0016
0.0001698,0.0016
0.00017,0.0024000000000000002
0.00017019999999999996,0.0016
0.00017039999999999997,0.004
0.00017059999999999997,0.0028
0.00017079999999999998,0.0028
0.00017099999999999998,0.0036000000000000003
0.0001712,0.002
0.0001714,0.0036000000000000003
0.0001716,0.0004
0.0001718,0.0036000000000000003
0.000172,0.0024000000000000002
0.0001722,0.0024000000000000002
0.00017239999999999996,0.0024000000000000002
0.00017259999999999997,0.002
0.00017279999999999997,0.0028
0.00017299999999999998,0.002
0.00017319999999999998,0.0028
0.00017339999999999999,0.0032
0.0001736,0.0024000000000000002
0.0001738,0.0044
0.000174,0.0032
0.0001742,0.0044
0.0001744,0.0016
0.00017459999999999996,0.0032
0.00017479999999999997,0.0036000000000000003
0.00017499999999999997,0.0028
0.00017519999999999998,0.0032
0.00017539999999999998,0.0012000000000000001
0.00017559999999999999,0.0012000000000000001
0.0001758,0.0004
0.000176,0.0012000000000000001
0.0001762,0.002
0.0001764,0.0008
0.0001766,0.002
0.00017679999999999996,0.0012000000000000001
0.00017699999999999997,0.002
0.00017719999999999997,0.0028
0.00017739999999999998,0.0024000000000000002
0.00017759999999999998,0.0028
0.00017779999999999998,0.002
0.000178,0.0032
0.0001782,0.0004
0.0001784,0.0016
0.0001786,0.0008
0.0001788,0.0004
0.00017899999999999996,0.0012000000000000001
0.00017919999999999996,0.0012000000000000001
0.00017939999999999997,0.0016
0.00017959999999999997,0.0004
0.00017979999999999998,0.0008
0.00017999999999999998,0.0016
0.0001802,-0.0004
0.0001804,0.002
0.0001806,0.0008
0.0001808,0.0024000000000000002
0.000181,0.0036000000000000003
0.00018119999999999996,0.004
0.00018139999999999996,0.0036000000000000003
0.00018159999999999997,0.0024000000000000002
0.00018179999999999997,0.004
0.00018199999999999998,0.0028
0.00018219999999999998,0.004
0.0001824,0.0044
0.0001826,0.0024000000000000002
0.0001828,0.0028
0.000183,0.0016
0.0001832,0.002
0.0001834,0.002
0.00018359999999999996,0.0012000000000000001
0.00018379999999999997,0.0036000000000000003
0.00018399999999999997,0.0016
0.00018419999999999998,0.0016
0.00018439999999999998,0.0012000000000000001
0.0001846,0.0028
0.0001848,0.002
0.000185,0.0028
0.0001852,0.0044
0.0001854,0.0032
0.0001856,0.0028
0.00018579999999999996,0.0008
0.00018599999999999997,0.0012000000000000001
0.00018619999999999997,0.0012000000000000001
0.00018639999999999998,0.0012000000000000001
0.00018659999999999998,0.002
0.0001868,-0.0012000000000000001
0.000187,-0.0004
0.0001872,-0.0008
0.0001874,-0.0008
0.0001876,0.002
0.0001878,0.0004
0.00018799999999999996,0.0008
0.00018819999999999997,-0.0008
0.00018839999999999997,0.0016
0.00018859999999999998,-0.005200000000000001
0.00018879999999999998,-0.0036000000000000003
0.00018899999999999999,-0.0004
0.0001892,0.0008
0.0001894,0.0036000000000000003
0.0001896,0.0024000000000000002
0.0001898,0.0024000000000000002
0.00019,0.0024000000000000002
0.00019019999999999996,-0.0004
0.00019039999999999997,0.0028
0.00019059999999999997,0.0016
0.00019079999999999998,0.0024000000000000002
0.00019099999999999998,0.0028
0.00019119999999999999,0.0036000000000000003
0.0001914,0.0036000000000000003
0.0001916,0.002
0.0001918,0.0048000000000000004
0.000192,0.004
0.0001922,0.0044
0.00019239999999999996,0.005200000000000001
0.00019259999999999997,0.0044
0.00019279999999999997,0.0044
0.00019299999999999997,0.004
0.00019319999999999998,0.004
0.00019339999999999998,0.004
0.0001936,0.0028
0.0001938,0.0036000000000000003
0.000194,0.0028
0.0001942,0.0036000000000000003
0.0001944,0.002
0.00019459999999999996,0.0012000000000000001
0.00019479999999999996,0.0012000000000000001
0.00019499999999999997,0.0012000000000000001
0.00019519999999999997,0.0028
0.00019539999999999998,0.0016
0.00019559999999999998,0.0024000000000000002
0.0001958,0.0024000000000000002
0.000196,0.0016
0.0001962,0.0012000000000000001
0.0001964,0.0004
0.0001966,0.0008
0.00019679999999999996,-0.0008
0.00019699999999999996,-0.0004
0.00019719999999999997,0.0004
0.00019739999999999997,0.0004
0.00019759999999999998,0.0004
0.00019779999999999998,0.0004
0.000198,0.0
0.0001982,0.0012000000000000001
0.0001984,0.0008
0.0001986,0.0024000000000000002
0.0001988,0.0016
0.000199,0.002
0.00019919999999999996,0.0024000000000000002
0.00019939999999999997,0.002
0.00019959999999999997,0.0032
0.00019979999999999998,0.0012000000000000001
0.00019999999999999998,0.0028
0.0002002,0.0024000000000000002
0.0002004,0.002
0.0002006,0.0024000000000000002
0.0002008,0.0012000000000000001
0.000201,0.0032
0.0002012,0.0028
0.00020139999999999996,0.0024000000000000002
0.00020159999999999997,0.004
0.00020179999999999997,0.0028
0.00020199999999999998,0.0044
0.00020219999999999998,0.002
0.0002024,0.0044
0.0002026,0.005200000000000001
0.0002028,0.0032
0.000203,0.0036000000000000003
0.0002032,0.0024000000000000002
0.0002034,0.0036000000000000003
0.00020359999999999996,0.0024000000000000002
0.00020379999999999997,0.002
0.00020399999999999997,0.0028
0.00020419999999999998,0.0008
0.00020439999999999998,0.002
0.00020459999999999999,0.0012000000000000001
0.0002048,0.0012000000000000001
0.000205,0.002
0.0002052,0.0
0.0002054,0.0016
0.0002056,0.0004
0.00020579999999999996,0.0024000000000000002
0.00020599999999999997,0.0028
0.00020619999999999997,0.0012000000000000001
0.00020639999999999998,0.0016
0.00020659999999999998,0.0
0.00020679999999999999,0.0012000000000000001
0.000207,0.0012000000000000001
0.0002072,0.002
0.0002074,0.0024000000000000002
0.0002076,0.0004
0.0002078,0.002
0.00020799999999999996,0.0004
0.00020819999999999996,0.0016
0.00020839999999999997,0.0024000000000000002
0.00020859999999999997,0.0024000000000000002
0.00020879999999999998,0.0048000000000000004
0.00020899999999999998,0.0028
0.0002092,0.0036000000000000003
0.0002094,0.004
0.0002096,0.0024000000000000002
0.0002098,0.0036000000000000003
0.00021,0.0032
0.00021019999999999996,0.0048000000000000004
0.00021039999999999996,0.0028
0.00021059999999999997,0.0032
0.00021079999999999997,0.0036000000000000003
0.00021099999999999998,0.0024000000000000002
0.00021119999999999998,0.0048000000000000004
0.0002114,0.0032
0.0002116,0.0036000000000000003
0.0002118,0.0032
0.000212,0.0028
0.0002122,0.0048000000000000004
0.00021239999999999996,0.0032
0.00021259999999999996,0.0036000000000000003
0.00021279999999999997,0.0032
0.00021299999999999997,0.0032
0.00021319999999999998,0.0048000000000000004
0.00021339999999999998,0.0032
0.0002136,0.0024000000000000002
0.0002138,0.0012000000000000001
0.000214,0.0
0.0002142,0.0008
0.0002144,0.0008
0.00021459999999999996,0.0012000000000000001
0.00021479999999999996,0.0
0.00021499999999999997,0.0004
0.00021519999999999997,-0.0004
0.00021539999999999998,0.0004
0.00021559999999999998,0.002
0.0002158,0.0004
0.000216,0.0028
0.0002162,0.0004
0.0002164,0.002
0.0002166,0.0028
0.0002168,0.0016
0.00021699999999999996,0.0028
0.00021719999999999997,0.0016
0.00021739999999999997,0.0012000000000000001
0.00021759999999999998,0.0016
0.00021779999999999998,0.0008
0.00021799999999999999,0.0012000000000000001
0.0002182,-0.0008
0.0002184,0.0012000000000000001
0.0002186,0.0008
0.0002188,0.004
0.000219,0.0036000000000000003
0.00021919999999999996,0.0028
0.00021939999999999997,0.0036000000000000003
0.00021959999999999997,0.0028
0.00021979999999999998,0.004
0.00021999999999999998,0.0028
0.00022019999999999999,0.0036000000000000003
0.0002204,0.0028
0.0002206,0.0028
0.0002208,0.0028
0.000221,0.0024000000000000002
0.0002212,0.0032
0.00022139999999999996,0.0016
0.00022159999999999997,0.0024000000000000002
0.00022179999999999997,0.0036000000000000003
0.00022199999999999998,0.002
0.00022219999999999998,0.0024000000000000002
0.00022239999999999998,0.0024000000000000002
0.0002226,0.0024000000000000002
0.0002228,0.0028
0.000223,0.0032
0.0002232,0.0036000000000000003
0.0002234,0.0024000000000000002
0.00022359999999999996,0.0028
0.00022379999999999996,0.002
0.00022399999999999997,0.0024000000000000002
0.00022419999999999997,0.0028
0.00022439999999999998,-0.0004
0.00022459999999999998,0.0012000000000000001
0.0002248,0.0
0.000225,0.0004
0.0002252,0.0012000000000000001
0.0002254,0.0008
0.0002256,0.0016
0.00022579999999999996,0.0
0.00022599999999999996,0.002
0.00022619999999999997,0.0012000000000000001
0.00022639999999999997,0.0016
0.00022659999999999998,0.0024000000000000002
0.00022679999999999998,0.0016
0.000227,0.0032
0.0002272,0.0024000000000000002
0.0002274,0.004
0.0002276,0.0032
0.0002278,0.0016
0.00022799999999999996,0.0008
0.00022819999999999996,-0.0008
0.00022839999999999997,0.0024000000000000002
0.00022859999999999997,0.002
0.00022879999999999998,0.0016
0.00022899999999999998,0.0016
0.0002292,0.0016
0.0002294,0.0032
0.0002296,0.002
0.0002298,0.0036000000000000003
0.00023,0.0024000000000000002
0.00023019999999999996,0.0032
0.00023039999999999996,0.0036000000000000003
0.00023059999999999997,0.0032
0.00023079999999999997,0.0044
0.00023099999999999998,0.0028
0.00023119999999999998,0.0036000000000000003
0.0002314,0.0036000000000000003
0.0002316,0.0024000000000000002
0.0002318,0.0044
0.000232,0.0032
0.0002322,0.0028
0.0002324,0.0016
0.00023259999999999996,0.0012000000000000001
0.00023279999999999997,0.0024000000000000002
0.00023299999999999997,0.0024000000000000002
0.00023319999999999998,0.0032
0.00023339999999999998,0.0024000000000000002
0.00023359999999999999,0.0032
0.0002338,0.0036000000000000003
0.000234,0.0036000000000000003
0.0002342,0.0028
0.00023439999999999995,0.0028
0.00023459999999999996,0.0024000000000000002
0.00023479999999999996,0.0024000000000000002
0.00023499999999999997,0.0032
0.00023519999999999997,0.002
0.00023539999999999998,0.0024000000000000002
0.00023559999999999998,0.0004
0.00023579999999999999,0.0008
0.000236,0.0016
0.0002362,0.0012000000000000001
0.0002364,0.002
0.0002366,-0.0004
0.0002368,0.0004
0.00023700000000000001,0.0016
0.00023720000000000002,0.0012000000000000001
0.00023740000000000002,0.0028
0.00023760000000000003,0.0012000000000000001
0.00023780000000000003,0.002
0.00023799999999999993,0.002
0.00023819999999999994,0.0024000000000000002
0.00023839999999999994,0.0032
0.00023859999999999994,0.0016
0.00023879999999999995,0.0016
0.00023899999999999995,0.0008
0.00023919999999999996,0.0032
0.00023939999999999996,0.002
0.00023959999999999997,0.0016
0.00023979999999999997,0.0016
0.00023999999999999998,0.0
0.00024019999999999998,0.0016
0.0002404,0.0012000000000000001
0.0002406,0.0028
0.0002408,0.002
0.000241,0.0028
0.0002412,0.0028
0.0002414,0.0024000000000000002
0.00024160000000000002,0.0036000000000000003
0.00024180000000000002,0.0028
0.00024200000000000003,0.004
0.00024220000000000003,0.0036000000000000003
0.00024240000000000004,0.0028
0.00024259999999999993,0.0036000000000000003
0.00024279999999999994,0.002
0.00024299999999999994,0.0036000000000000003
0.00024319999999999995,0.0008
0.00024339999999999995,0.0028
0.00024359999999999996,0.0036000000000000003
0.00024379999999999996,0.0024000000000000002
0.00024399999999999997,0.004
0.00024419999999999997,0.0016
0.0002444,0.0024000000000000002
0.0002446,0.0028
0.0002448,0.0032
0.000245,0.005200000000000001
0.0002452,0.0032
0.0002454,0.0032
0.0002456,0.0024000000000000002
0.0002458,0.0032
