1762311744,0000000200000001,6035623877,2112,678
1762311754,0000000800000002,6132797027,1466,679
1762311779,0000000400000001,6384068769,1934,680
1762311797,0000000100000004,6568382095,1238,681
1762311817,0000008000000080,6759685990,5313,682
1762311817,0000008000000080,6763151139,5105,683
1762311820,0000000900000004,6797011002,3057,684
1762311822,0000004000000004,6815228296,1973,685
1762311827,0000000c00000005,6867139726,4057,686
1762311832,0000000800000080,6915455738,1141,687
1762311842,0000000300000001,7018079019,168,688
1762311843,0000000800000008,7018289981,162,689
1762311850,0000000100000008,7092021667,914,690
1762311864,0000000800000008,7236495159,2596,691
1762311899,0000000100000005,7585442287,2387,692
1762311909,0000000400000080,7684513091,1633,693
1762311929,0000008000000080,7888336966,4956,694
1762311942,0000004000000080,8012878920,2647,695
1762311970,0000000800000080,8296662372,1173,696
1762311987,0000008000000001,8468074984,1252,697
1762311990,0000000100000002,8495080418,4826,698
1762312001,0000000100000001,8602356961,3563,699
1762312002,0000008000000080,8615294404,2771,700
1762312006,0000000100000004,8655041366,401,701
1762312012,0000000100000001,8716332962,1902,702
1762312012,0000004000000004,8717705578,1819,703
1762312018,0000000100000008,8768809372,3948,704
1762312020,0000000100000008,8793994744,2415,705
1762312021,000000c000000080,8803230851,1869,706
1762312027,0000000100000004,8858720039,3730,707
1762312036,0000000800000080,8949222380,3475,708
1762312036,0000000100000001,8956577563,3021,709
1762312053,0000008000000080,9124069206,3340,710
1762312056,0000000400000002,9149772337,1802,711
1762312066,0000008000000080,9254564953,697,712
1762312081,0000004000000008,9401180962,2256,713
1762312084,0000000100000003,9430912767,481,714
1762312094,0000000100000002,9534354906,4650,715
1762312120,0000000100000004,9792356908,4712,716
1762312123,0000000100000001,9820828074,2978,717
1762312136,0000004000000080,9954434606,162,718
1762312137,0000000400000001,9961645945,4913,719
1762312141,0000004000000008,9999376910,2628,720
1762312149,0000008000000008,10080279522,2955,721
1762312149,0000000800000001,10088389921,2470,722
1762312162,0000000100000001,10215125889,5245,723
1762312163,0000000100000004,10219858064,4964,724
1762312177,0000000800000004,10361690322,1627,725
1762312182,0000000800000080,10408892469,3990,726
1762312206,0000000800000001,10651345049,4980,727
1762312219,0000008800000002,10785200279,2118,728
1762312221,0000000400000080,10805966895,878,729
1762312223,0000000800000001,10827330220,4789,730
1762312224,0000004000000002,10834547147,4361,731
1762312230,0000000100000001,10898094228,533,732
1762312238,0000000400000004,10968670521,1477,733
1762312238,0000000100000080,10970454362,1370,734
1762312256,0000000100000001,11151884308,849,735
1762312258,0000000400000001,11172092274,4827,736
1762312265,0000000100000008,11246118026,376,737
1762312271,0000000400000002,11301672041,2217,738
1762312272,0000000400000008,11316278793,1346,739
1762312276,0000000100000002,11352792924,4353,740
1762312284,0000000800000004,11433244039,4704,741
1762312287,0000000100000002,11461167365,3003,742
1762312287,0000004000000002,11462319595,2934,743
1762312304,0000004000000002,11630049749,3238,744
1762312310,0000008000000001,11694809374,4556,745
1762312312,0000000100000001,11714235126,3370,746
1762312326,0000000800000002,11855635368,5260,747
1762312334,0000000100000001,11937396520,349,748
1762312335,0000000400000002,11942282864,5241,749
1762312336,0000000400000008,11952047397,4657,750
1762312358,0000008000000080,12173289771,1738,751
1762312361,000000c000000080,12204987819,5026,752
1762312368,0000000100000001,12276469460,729,753
1762312383,0000004000000002,12427641613,2018,754
1762312386,0000004000000004,12453141443,493,755
1762312395,000000c000000080,12547750635,5183,756
1762312399,0000000100000001,12588273040,2735,757
1762312410,0000000200000010,12696082893,1460,758
1762312431,0000004000000004,12904589664,4508,759
1762312451,0000008000000080,13099398145,3157,760
1762312458,0000004400000001,13173778356,3896,761
1762312477,0000000100000004,13362557675,2906,762
1762312496,0000008000000006,13554761709,1750,763
1762312499,0000004000000008,13581090946,341,764
1762312507,0000000400000002,13663952239,381,765
1762312530,0000000100000001,13892139598,2227,766
1762312538,0000008000000080,13978064130,2252,767
1762312548,0000004000000001,14068641689,2003,768
1762312552,0000000100000001,14112834567,4551,769
1762312563,0000000100000002,14225858472,2920,770
1762312585,0000000800000002,14443863778,216,771
1762312593,0000000800000080,14528427228,324,772
1762312598,0000008000000080,14570655807,5919,773
1762312599,0000000100000080,14585524388,2075,774
1762312601,0000000400000080,14605147171,904,775
1762312607,000000c000000080,14658817072,2849,776
1762312611,0000000100000001,14701204006,320,777
1762312612,0000000400000002,14711179742,4910,778
1762312646,0000000800000001,15056205679,4933,779
1762312649,0000008000000080,15085576969,3154,780
1762312669,0000000800000002,15284820783,1571,781
1762312682,0000008000000080,15413678592,4219,782
1762312686,0000000100000080,15457358500,1580,783
1762312689,0000000800000008,15485939040,5053,784
1762312710,0000008000000008,15691529868,3061,785
1762312724,0000008000000001,15835505976,4809,786
1762312734,0000004000000001,15931052962,4262,787
1762312742,0000008000000080,16008965828,4765,788
1762312742,0000004000000001,16016317793,4328,789
1762312746,0000004000000080,16055339835,1968,790
1762312762,0000000800000008,16218035634,2559,791
1762312763,0000000800000008,16226103756,2083,792
1762312771,0000004000000082,16306710746,2421,793
1762312784,0000004000000004,16437270371,4968,794
1762312787,0000000800000004,16458702592,3680,795
1762312796,0000000800000004,16556046464,3002,796
1762312814,0000000800000001,16732356789,2784,797
1762312818,0000000100000008,16769018780,599,798
1762312874,0000000800000002,17334744860,2908,799
1762312888,0000000100000001,17473777979,4951,800
1762312891,0000000800000002,17503323132,3160,801
1762312895,0000000100000003,17544093755,723,802
1762312909,0000008000000001,17679373123,2957,803
1762312909,0000000400000004,17683532644,2707,804
1762312909,0000008000000080,17687262606,2485,805
1762312910,0000008400000080,17691592581,2231,806
1762312924,0000004000000002,17836214989,3934,807
1762312947,0000000400000008,18067551781,405,808
1762312957,0000008000000080,18162084154,5100,809
1762312962,0000008000000080,18209949469,2216,810
1762312972,0000000800000001,18313699055,1176,811
1762312978,0000008000000080,18369325942,3009,812
1762312985,0000000100000001,18447472065,3515,813
1762312996,0000004000000008,18554266005,2280,814
1762312999,0000000800000008,18585411627,419,815
1762312999,0000000100000001,18587342034,302,816
1762313016,0000000400000001,18755647633,567,817
1762313042,0000000100000002,19016612829,453,818
1762313047,0000008000000080,19068420727,2513,819
1762313058,0000000200000008,19178358893,1108,820
1762313063,0000004000000002,19220326133,3781,821
1762313073,0000000100000080,19323285457,2763,822
1762313095,0000000100000001,19545359153,5002,823
1762313120,0000004000000001,19790105970,672,824
1762313125,0000000400000004,19838814328,2916,825
1762313138,0000000100000001,19975205987,5116,826
1762313162,0000004000000008,20217216692,952,827
1762313181,0000000400000004,20402640003,187,828
1762313197,0000008000000008,20567591092,652,829
1762313215,0000004800000008,20740291664,653,830
1762313240,0000000400000080,20992988342,1034,831
1762313255,0000008000000002,21142859611,2396,832
1762313265,0000000100000080,21242477245,1608,833
1762313272,0000008000000080,21316828094,2321,834
1762313277,0000000100000002,21360124335,4921,835
1762313285,0000008000000080,21440371408,5283,836
1762313301,0000000400000001,21600953756,824,837
1762313322,0000008000000001,21815998568,3464,838
1762313322,0000004000000004,21816019025,3462,839
1762313327,0000004000000008,21867142526,397,840
1762313339,0000000100000080,21983368054,3794,841
1762313345,0000008000000004,22046770021,5166,842
1762313348,0000000100000008,22071786158,3668,843
1762313350,0000000100000001,22093183885,2369,844
1762313367,0000004000000008,22264222254,2466,845
1762313385,0000008000000001,22445709979,1949,846
1762313390,0000008000000001,22493771337,4264,847
1762313391,0000000400000001,22501613716,3786,848
1762313399,0000000100000080,22583315340,4070,849
1762313414,0000000100000004,22737769003,5155,850
1762313415,0000000400000080,22742026844,4904,851
1762313431,0000000100000001,22902260656,462,852
1762313433,0000000100000001,22921405994,4511,853
1762313457,0000000100000080,23161608833,445,854
1762313473,0000000400000008,23324501463,1031,855
1762313476,0000000800000008,23348404047,4790,856
1762313502,0000008000000080,23612228754,4509,857
1762313511,0000008400000004,23702724125,4261,858
1762313530,0000000400000001,23893866499,3127,859
1762313543,0000000100000001,24026458642,364,860
1762313546,0000008000000008,24052610886,3990,861
1762313550,0000004000000008,24088944491,1795,862
1762313566,0000000800000008,24252653198,2328,863
1762313580,0000000400000080,24392012740,4352,864
1762313588,0000000100000001,24471341974,4769,865
1762313597,0000000500000001,24564736047,4352,866
1762313601,0000000100000001,24599052183,2269,867
1762313607,0000000800000080,24667804089,3325,868
1762313634,0000000800000008,24935653823,2791,869
1762313636,0000004000000002,24951116014,1875,870
1762313665,0000000400000001,25244317564,5014,871
1762313669,0000000400000080,25278977266,2915,872
1762313672,0000004000000002,25312054098,944,873
1762313675,0000004400000001,25346035265,4101,874
1762313707,0000000200000001,25667034458,369,875
1762313708,0000008000000004,25678149563,4893,876
1762313710,0000000800000001,25691088152,4123,877
1762313721,0000008000000080,25801345315,2660,878
1762313723,0000000400000080,25818946515,1617,879
1762313730,0000000400000001,25889501393,2552,880
1762313737,0000004000000001,25964738366,3221,881
1762313738,0000004000000080,25974744404,2620,882
1762313738,0000008000000002,25975678692,2564,883
1762313746,0000004000000080,26053052487,3102,884
1762313750,0000000800000008,26097627900,438,885
1762313766,0000008000000080,26248851935,1727,886
1762313773,0000004000000080,26323257249,2432,887
1762313774,0000008000000080,26331939617,1921,888
1762313778,0000000100000001,26369771446,4843,889
1762313786,0000000400000002,26449257796,5250,890
1762313789,0000000100000080,26482040762,3271,891
1762313792,0000008000000080,26509377541,1638,892
1762313794,0000000800000080,26532332603,260,893
1762313798,0000008000000080,26569477342,3203,894
1762313803,0000008000000001,26626896225,4956,895
1762313814,0000000400000008,26735222750,3636,896
1762313841,0000004000000008,27001495202,3187,897
1762313863,0000000400000002,27223964350,210,898
1762313872,0000000100000001,27311045234,165,899
1762313881,0000000100000001,27398384873,5294,900
1762313888,0000000100000001,27474668393,710,901
1762313908,0000000400000080,27668612914,4631,902
1762313911,0000004000000001,27706882413,2315,903
1762313925,0000004000000004,27840887549,4656,904
1762313959,0000000400000002,28186882313,4621,905
1762313964,0000000800000080,28232287571,1881,906
1762313976,0000004000000001,28352931786,5013,907
1762313989,0000000400000001,28487277132,2122,908
1762313993,0000000100000001,28522304334,5209,909
1762313993,0000000800000001,28524253295,5093,910
1762313994,0000008000000080,28536964335,4342,911
1762314014,0000004000000080,28737609947,2636,912
1762314015,0000000400000008,28737922212,2619,913
1762314033,0000000400000001,28924584648,1791,914
1762314037,0000000400000002,28959314873,4899,915
1762314078,0000004000000008,29377411965,528,916
1762314085,0000008000000008,29447573175,1498,917
1762314086,0000000400000008,29457247545,917,918
1762314102,0000008000000088,29608754629,2184,919
1762314110,0000008000000080,29694543311,2217,920
1762314118,0000000400000002,29775020342,2564,921
1762314118,0000000400000002,29775159814,2555,922
1762314135,0000000800000008,29946456255,2639,923
1762314145,0000000100000001,30046145307,1851,924
1762314158,0000000400000004,30169874424,4801,925
1762314161,0000004000000080,30202510096,2817,926
1762314166,0000008000000080,30252797815,5002,927
1762314168,0000008000000008,30269073127,4032,928
1762314197,0000008000000080,30566979986,1686,929
1762314199,0000000100000001,30585521049,574,930
1762314209,0000008000000080,30683021452,5091,931
1762314213,0000000100000001,30719735316,2869,932
1762314213,0000000100000001,30721973370,2736,933
1762314215,0000000800000001,30741122739,1600,934
1762314215,0000000800000004,30742641888,1508,935
1762314228,0000008000000080,30871663821,4144,936
1762314230,0000004000000008,30896456236,2630,937
1762314245,0000008000000008,31047416529,3959,938
1762314247,0000000400000080,31058365317,3282,939
1762314257,0000000100000080,31161369271,2283,940
1762314261,0000004000000080,31206784017,4757,941
1762314269,0000000100000008,31278424665,447,942
1762314299,000000030000000a,31587553393,2612,943
1762314303,0000000100000008,31622504777,526,944
1762314335,0000000100000001,31938867719,2263,945
1762314335,0000000400000004,31941858678,2085,946
1762314342,0000000100000001,32012581161,3014,947
1762314343,0000004000000002,32027492730,2128,948
1762314363,0000004000000080,32220119740,937,949
1762314390,0000000100000002,32494292984,5213,950
1762314398,0000000800000002,32571713728,566,951
1762314412,0000000100000001,32713190233,2429,952
1762314427,0000000100000001,32858911965,4070,953
1762314443,0000000800000008,33021412171,4681,954
1762314446,0000000100000001,33050815224,2891,955
1762314464,0000000100000001,33229177504,2554,956
1762314464,0000000100000001,33230851777,2455,957
1762314468,0000000100000002,33268473361,206,958
1762314480,0000000400000004,33394937177,2968,959
1762314482,0000000100000003,33410876562,2023,960
1762314495,0000008000000001,33542472691,4507,961
1762314504,0000004000000001,33635266712,4120,962
1762314509,0000008000000080,33680337026,1400,963
1762314517,0000000100000004,33761793292,1694,964
1762314518,0000004000000080,33776105371,834,965
1762314525,0000004000000004,33839456315,2209,966
1762314531,0000000100000001,33901960385,3651,967
1762314532,0000008000000004,33914426922,2884,968
1762314533,0000000100000084,33927426172,2114,969
1762314546,0000000800000002,34051533225,5039,970
1762314547,0000008000000080,34061871825,4429,971
1762314557,0000008000000002,34159503221,3744,972
1762314559,0000000100000001,34182034712,2376,973
1762314563,0000008000000002,34224376499,5031,974
1762314569,0000004000000001,34286015875,1326,975
1762314576,000000c000000080,34348539332,2744,976
1762314594,0000008000000004,34533745120,2004,977
1762314615,0000008000000002,34738832151,5247,978
1762314670,0000000800000008,35291771742,3142,979
1762314673,0000008000000020,35320219610,1447,980
1762314683,0000000100000004,35420316632,621,981
1762314685,0000000800000008,35447944099,4161,982
1762314700,0000008000000080,35591809915,693,983
1762314700,0000000400000001,35597091130,377,984
1762314747,0000000100000001,36064754524,3401,985
1762314749,0000004000000080,36079006469,2537,986
1762314763,0000008000000002,36222323827,4329,987
1762314766,0000000100000001,36249293065,2682,988
1762314769,0000000400000002,36287828356,382,989
1762314787,0000000100000004,36467334828,5160,990
1762314803,0000000800000080,36621983049,1057,991
1762314823,0000004000000004,36818293626,4832,992
1762314826,0000000800000001,36857812589,2441,993
1762314831,0000008000000008,36906134987,4745,994
1762314835,0000000800000004,36945769814,2346,995
1762314854,0000008000000008,37129560678,1690,996
1762314862,0000008000000002,37215158743,1734,997
1762314874,0000000100000001,37334122004,4966,998
1762314874,0000000100000002,37336633604,4818,999
1762314882,0000000300000001,37412948318,227,1000
1762314888,0000008000000001,37471744796,1883,1001
1762314890,0000000400000080,37497654092,328,1002
1762314905,0000008000000008,37639354073,2184,1003
1762314910,0000000800000010,37692885628,4174,1004
1762314912,0000004000000080,37710989077,3059,1005
1762314919,0000008000000008,37778033789,4247,1006
1762314919,000000c000000004,37782132301,3998,1007
1762314920,0000000400000004,37789484551,3544,1008
1762314947,0000008000000080,38067501519,2397,1009
1762314955,0000008000000008,38139334090,3268,1010
1762314956,0000000400000002,38150602106,2589,1011
1762314957,0000008000000080,38166375387,1653,1012
1762314959,0000000200000004,38185025481,534,1013
1762314979,0000004000000001,38382578533,4242,1014
1762314979,0000008000000080,38384236695,4142,1015
1762314983,0000008000000080,38422411819,1836,1016
1762315006,0000000100000001,38651405821,3643,1017
1762315016,0000000800000080,38756197897,2521,1018
1762315020,0000000400000001,38796790071,5282,1019
1762315024,0000008000000080,38834375670,3009,1020
1762315025,0000000100000001,38846548194,2287,1021
1762315030,0000000800000002,38894676591,4601,1022
1762315030,0000000100000001,38895712307,4538,1023
1762315045,0000000100000001,39044699571,763,1024
1762315051,0000000400000004,39106677888,2222,1025
1762315061,0000000100000080,39204280195,1552,1026
1762315061,0000004400000002,39204407607,1544,1027
1762315081,0000000100000008,39405787964,5013,1028
1762315092,0000000100000008,39510918210,3890,1029
1762315104,0000000100000080,39637910265,1441,1030
1762315105,0000008000000004,39640234517,1300,1031
1762315124,0000000800000002,39836437093,5078,1032
1762315132,0000008000000004,39911537977,566,1033
1762315149,0000000800000004,40083857344,590,1034
1762315154,0000000800000008,40130438383,2963,1035
1762315168,0000000100000009,40272122509,4847,1036
1762315170,0000000800000001,40288936556,3838,1037
1762315180,0000000400000008,40389103272,2987,1038
1762315184,0000000800000002,40431383760,462,1039
1762315186,0000000100000001,40449920112,4546,1040
1762315188,0000000400000004,40468023520,3443,1041
1762315217,0000004000000008,40759288002,1513,1042
1762315229,0000000800000008,40880279288,4629,1043
1762315239,0000000800000080,40981127974,3754,1044
1762315249,0000000400000001,41085757363,2637,1045
1762315251,0000008000000001,41099955386,1798,1046
1762315255,0000000400000080,41147324625,4151,1047
1762315270,0000000800000002,41291458819,669,1048
1762315284,0000000100000003,41432004882,2588,1049
1762315284,0000008000000001,41437865099,2242,1050
1762315288,0000000100000001,41472938322,5328,1051
1762315289,0000008000000080,41479323445,4948,1052
1762315290,0000000100000080,41492095194,4190,1053
1762315321,0000000100000001,41798948885,1306,1054
1762315326,0000000100000002,41849695815,3441,1055
1762315348,0000000400000002,42067953518,709,1056
1762315352,0000000100000004,42115987019,2996,1057
1762315353,0000008000000080,42119029477,2813,1058
1762315361,0000000800000002,42199778841,3151,1059
1762315372,0000000100000001,42311892567,1618,1060
1762315389,0000000400000001,42481416446,1808,1061
1762315391,0000000100000001,42506185327,321,1062
1762315395,0000000100000008,42540951532,3414,1063
1762315400,0000008000000080,42588763805,549,1064
1762315403,0000004000000001,42621476014,3776,1065
1762315407,0000000100000002,42663339334,1253,1066
1762315425,0000000100000004,42847233931,585,1067
1762315427,0000008000000002,42863871828,4778,1068
1762315437,0000000400000001,42962648192,4035,1069
1762315454,0000000400000008,43129862218,4366,1070
1762315464,0000004000000080,43234656815,3235,1071
1762315503,0000000100000001,43622730619,682,1072
1762315526,0000004000000004,43849596433,2602,1073
1762315535,0000000400000002,43945683359,2028,1074
1762315538,0000000100000003,43968733369,648,1075
1762315541,000000800000000a,44006680831,3554,1076
1762315543,0000000800000001,44022484346,2592,1077
1762315544,0000008000000080,44036540417,1761,1078
1762315547,0000000800000004,44061447489,264,1079
1762315550,0000000400000008,44092102184,3611,1080
1762315560,0000004000000080,44196772265,2496,1081
1762315568,0000000100000001,44270285200,3270,1082
1762315572,0000000800000001,44314626415,617,1083
1762315583,0000000100000001,44419885648,4677,1084
1762315601,0000000400000001,44599457228,4268,1085
1762315605,0000000100000001,44642579647,1666,1086
1762315615,0000000100000080,44740541786,968,1087
1762315621,0000000400000002,44798338244,2670,1088
1762315671,0000008000000001,45300272684,3657,1089
1762315671,0000000800000008,45307748145,3193,1090
1762315680,0000008000000008,45388682504,3529,1091
1762315685,0000000300000001,45440100622,441,1092
1762315716,0000000100000001,45748238766,2666,1093
1762315720,0000000100000004,45788842761,241,1094
1762315726,0000000400000080,45852055845,1632,1095
1762315733,0000008000000004,45926595339,2331,1096
1762315738,0000008000000004,45972092797,4801,1097
1762315744,0000000100000004,46033613763,1099,1098
1762315748,0000000100000001,46072489054,3961,1099
1762315751,0000008000000080,46098710089,2366,1100
1762315764,0000000100000001,46229598686,4893,1101
1762315769,0000004000000004,46279998662,1860,1102
1762315771,0000000100000004,46302974956,479,1103
1762315782,0000000800000008,46408666235,4518,1104
1762315803,0000000100000001,46618444886,2271,1105
1762315825,0000000400000080,46839968479,4544,1106
1762315829,0000000400000001,46887310174,1689,1107
1762315831,0000008000000004,46901644860,825,1108
1762315834,0000008000000080,46935878205,3968,1109
1762315835,0000008000000002,46940316805,3695,1110
1762315835,0000008000000080,46942657328,3550,1111
1762315836,0000000100000008,46951597775,2999,1112
1762315845,0000008000000080,47047646577,2421,1113
1762315875,0000000400000080,47340192591,420,1114
1762315876,0000004000000001,47356543662,4634,1115
1762315895,0000000100000001,47543400543,3780,1116
1762315902,0000000c00000001,47614040868,4726,1117
1762315907,0000008000000008,47659706414,1972,1118
1762315958,0000000200000001,48174546253,2166,1119
1762315961,0000000800000002,48202324150,502,1120
1762315974,0000000400000004,48336620462,2793,1121
1762315991,000000c000000080,48505488946,3025,1122
1762316000,0000000100000004,48595369074,2812,1123
1762316017,0000008000000080,48761435593,3214,1124
1762316039,0000004000000004,48987518927,5205,1125
1762316040,0000000c00000008,48993061057,4877,1126
1762316047,0000000100000008,49060383114,828,1127
1762316055,0000000400000080,49145331917,913,1128
1762316061,0000000400000004,49203899076,2570,1129
1762316073,0000008000000080,49319766037,807,1130
1762316075,0000000400000008,49345763958,4448,1131
1762316085,0000000400000080,49441426542,3883,1132
1762316093,0000008000000080,49521829025,4246,1133
1762316109,0000000100000001,49680661705,5067,1134
1762316118,0000008000000004,49777548497,4446,1135
1762316131,0000004000000004,49900627946,2221,1136
1762316138,0000000100000008,49976419510,2845,1137
1762316153,0000000800000008,50124128152,4375,1138
1762316156,0000008000000080,50148710913,2869,1139
1762316161,0000000800000002,50200670454,4956,1140
1762316164,0000008100000087,50228763579,3253,1141
1762316167,0000008000000002,50265558305,1054,1142
1762316192,0000000400000004,50517050420,1509,1143
1762316196,0000008000000002,50557649481,4269,1144
1762316203,0000000100000008,50619122604,563,1145
1762316212,0000000800000001,50714070537,5233,1146
1762316231,0000008000000001,50902412610,4307,1147
1762316238,0000000800000080,50973711051,5198,1148
1762316243,0000008000000080,51021182243,2337,1149
1762316244,0000004000000002,51035739372,1472,1150
1762316263,0000000100000001,51217706680,914,1151
1762316264,0000000800000002,51235522004,5034,1152
1762316274,0000000100000009,51336717043,4153,1153
1762316282,0000000400000004,51412031060,4811,1154
1762316291,0000000100000002,51499271655,4758,1155
1762316302,0000004000000080,51609247338,3321,1156
1762316313,0000000800000080,51724683034,1584,1157
1762316320,0000004000000002,51793217727,2641,1158
1762316325,0000004000000008,51842474525,4887,1159
1762316344,0000008000000008,52031772867,3894,1160
1762316352,0000004000000004,52113980416,4147,1161
1762316355,0000008000000008,52142966153,2382,1162
1762316380,0000000200000008,52392065734,2975,1163
1762316385,0000000800000004,52439842025,5307,1164
1762316392,0000008000000080,52512215826,959,1165
1762316414,0000000800000080,52734795193,3137,1166
1762316425,0000008000000004,52842606208,1861,1167
1762316428,0000008000000080,52867953109,340,1168
1762316432,0000000100000001,52915613541,2650,1169
1762316439,0000008000000008,52978701152,4072,1170
1762316440,0000000400000002,52987966429,3502,1171
1762316449,0000008000000080,53082711821,2984,1172
1762316453,0000008000000080,53123811263,531,1173
1762316455,0000000100000002,53137986598,4871,1174
1762316462,0000000800000006,53216399382,162,1175
1762316470,0000008000000080,53293255618,726,1176
1762316471,0000000100000001,53301000450,262,1177
1762316479,0000000800000004,53384997708,403,1178
1762316487,0000000100000004,53466720777,681,1179
1762316501,0000000100000004,53599619345,3057,1180
1762316519,0000000100000004,53781157662,2530,1181
1762316531,0000000100000003,53902649759,430,1182
1762316548,0000000100000080,54074397869,487,1183
1762316557,0000000800000008,54159460182,566,1184
1762316557,0000000100000008,54165225767,219,1185
1762316558,0000000400000004,54170385097,5097,1186
1762316572,0000000100000080,54316560374,1500,1187
1762316574,0000004000000080,54332262783,558,1188
1762316593,0000008000000008,54524778457,4566,1189
1762316604,0000000100000001,54637046527,2983,1190
1762316612,0000000100000001,54708233438,3919,1191
1762316627,0000000400000002,54858651322,5248,1192
1762316634,0000004000000005,54932096187,834,1193
1762316653,0000000800000002,55121207744,5039,1194
1762316656,0000000400000080,55157175978,2859,1195
1762316669,000000010000000d,55286457442,297,1196
1762316717,0000000800000008,55757838213,3090,1197
1762316727,0000008000000080,55864339106,1892,1198
1762316756,0000000100000004,56152039413,172,1199
1762316759,0000004000000001,56178616959,3768,1200
1762316768,0000008000000001,56275503348,3116,1201
1762316769,0000000800000004,56279027794,2902,1202
1762316769,0000000100000004,56281620430,2748,1203
1762316778,0000000100000001,56375475204,2303,1204
1762316828,0000000800000080,56871123463,3663,1205
1762316836,0000000100000080,56948498348,4213,1206
1762316836,0000008000000001,56951634870,4022,1207
1762316862,0000008000000080,57209745105,4080,1208
1762316871,0000000800000080,57301154797,3770,1209
1762316873,0000000100000001,57323763200,2395,1210
1762316881,0000000400000001,57402068270,2873,1211
1762316884,0000008000000001,57435186645,897,1212
1762316886,0000004000000008,57453948830,4963,1213
1762316931,0000000100000001,57903796533,3881,1214
1762316938,0000008000000004,57976490745,4701,1215
1762316940,0000000800000008,57997308133,3437,1216
1762316943,0000008000000001,58026121462,1712,1217
1762316967,0000000800000080,58260992476,3150,1218
1762316967,0000008000000080,58265029186,2904,1219
1762316972,0000000800000008,58310979843,162,1220
1762316984,0000000800000004,58429712815,3395,1221
1762316990,0000000400000001,58491489304,4884,1222
1762317024,0000000100000004,58832528102,5141,1223
1762317053,0000000800000001,59124953273,3123,1224
1762317079,0000000100000004,59386650697,2961,1225
1762317091,0000000800000080,59502882302,1181,1226
1762317092,0000000100000001,59507630075,895,1227
1762317105,0000008000000080,59645281351,2987,1228
1762317115,0000004000000004,59739718699,2504,1229
1762317124,0000000100000001,59830438222,2247,1230
1762317127,0000000400000008,59862782007,311,1231
1762317130,0000008000000001,59889535972,3900,1232
1762317137,0000008000000004,59960918431,4796,1233
1762317141,0000000400000001,59999490010,2461,1234
1762317184,000000c000000080,60434172102,2289,1235
1762317188,0000000800000001,60475252298,5018,1236
1762317201,0000000800000008,60598710715,2771,1237
1762317209,0000008000000080,60682204318,2942,1238
1762317214,0000008800000080,60728980695,162,1239
1762317231,0000008000000002,60901782354,5328,1240
1762317244,0000004000000080,61033837450,2571,1241
1762317259,0000008000000004,61181987553,4070,1242
1762317269,0000000100000004,61278325025,3454,1243
1762317270,0000000100000003,61297067301,2325,1244
1762317271,0000008000000002,61304094515,1910,1245
1762317279,0000000300000008,61379667209,2545,1246
1762317281,0000000100000008,61399841703,1346,1247
1762317285,0000000100000004,61444444314,3862,1248
1762317293,0000008000000002,61521842033,4404,1249
1762317296,0000000100000002,61557128498,2265,1250
1762317298,0000000400000002,61570848574,1448,1251
1762317301,0000000200000080,61606580441,4500,1252
1762317361,0000000800000002,62205684186,4815,1253
1762317365,0000000100000001,62243273904,2538,1254
1762317368,0000000800000080,62277158231,515,1255
1762317369,0000000100000008,62285552551,5199,1256
1762317382,0000004000000008,62411005003,2833,1257
1762317394,0000000400000004,62535248063,573,1258
1762317397,0000008000000001,62559258402,4331,1259
1762317430,0000000100000002,62891737017,5095,1260
1762317435,0000000400000004,62939378875,2227,1261
1762317436,0000004000000008,62951401848,1510,1262
1762317436,0000008000000080,62951629227,1496,1263
1762317445,0000000100000001,63045883168,1021,1264
1762317446,0000008000000080,63057074614,350,1265
1762317455,0000008000000004,63147115316,5314,1266
1762317457,0000004000000008,63158230755,4656,1267
1762317457,0000004000000004,63166500886,4163,1268
1762317458,0000000400000080,63176250691,3564,1269
1762317462,0000004000000008,63210550338,1504,1270
1762317463,0000000400000080,63226850521,525,1271
1762317479,0000000100000080,63386531725,1306,1272
1762317481,0000008000000080,63401138939,430,1273
1762317506,0000000800000008,63652232553,905,1274
1762317506,0000000400000008,63656399901,658,1275
1762317509,0000000100000008,63685286712,4121,1276
1762317524,0000004000000004,63836592582,206,1277
