t,V1
-0.000504,0.0028
-0.0005036,0.0032
-0.0005032,0.002
-0.0005028,0.002
-0.0005024,0.0008
-0.000502,0.002
-0.0005016,0.0012000000000000001
-0.0005012,0.002
-0.0005008,0.0036000000000000003
-0.0005004,0.0032
-0.0005,0.002
-0.0004996,0.004
-0.0004992,0.0028
-0.0004988,0.0028
-0.0004984,0.004
-0.000498,0.0024000000000000002
-0.0004976,0.0036000000000000003
-0.0004972,0.0036000000000000003
-0.0004968,0.0024000000000000002
-0.0004964,0.0044
-0.000496,0.0016
-0.0004956,0.0016
-0.0004952,0.0032
-0.0004948,0.002
-0.0004944,0.0032
-0.000494,0.0032
-0.0004936,0.002
-0.0004932,0.002
-0.0004928,0.0004
-0.0004924,0.0012000000000000001
-0.000492,0.002
-0.0004916,0.0032
-0.0004912,0.0028
-0.0004908,0.004
-0.0004904,0.0024000000000000002
-0.00049,0.002
-0.0004896,0.0024000000000000002
-0.0004892,0.0028
-0.0004888,0.0024000000000000002
-0.0004883999999999999,0.002
-0.000488,0.002
-0.0004876,0.002
-0.0004872,0.004
-0.0004868,0.0028
-0.0004864,0.0048000000000000004
-0.000486,0.0036000000000000003
-0.0004856,0.0016
-0.0004852,0.0012000000000000001
-0.0004848,0.0024000000000000002
-0.0004844,0.002
-0.000484,0.0048000000000000004
-0.0004836,0.0036000000000000003
-0.0004832,0.0024000000000000002
-0.0004828,0.002
-0.0004824,0.0024000000000000002
-0.000482,0.0024000000000000002
-0.0004816,0.0024000000000000002
-0.0004812,0.002
-0.0004808,0.0024000000000000002
-0.0004804,0.002
-0.00048,0.002
-0.0004796,0.0024000000000000002
-0.0004792,0.0036000000000000003
-0.0004788,0.0024000000000000002
-0.00047840000000000003,0.0024000000000000002
-0.000478,0.0004
-0.0004776,0.002
-0.0004772,0.0016
-0.0004768,0.0032
-0.0004764,0.0048000000000000004
-0.000476,0.0036000000000000003
-0.0004756,0.0028
-0.0004752,0.002
-0.0004748,0.0024000000000000002
-0.0004744,0.0048000000000000004
-0.00047400000000000003,0.004
-0.0004736,0.0048000000000000004
-0.0004732,0.0048000000000000004
-0.0004728,0.0024000000000000002
-0.0004724,0.002
-0.000472,0.0032
-0.00047159999999999997,0.0036000000000000003
-0.0004712,0.0028
-0.0004708,0.004
-0.0004704,0.0024000000000000002
-0.00047,0.0036000000000000003
-0.00046960000000000003,0.0024000000000000002
-0.0004692,0.0024000000000000002
-0.0004688,0.0044
-0.0004684,0.002
-0.000468,0.002
-0.0004676,0.0016
-0.00046719999999999997,0.002
-0.0004668,0.0024000000000000002
-0.0004664,0.0044
-0.000466,0.0024000000000000002
-0.0004656,0.0028
-0.0004652,0.0016
-0.0004648,0.0016
-0.0004644,0.004
-0.000464,0.0032
-0.0004636,0.0036000000000000003
-0.0004632,0.005200000000000001
-0.0004628,0.0032
-0.0004624,0.0012000000000000001
-0.000462,0.0024000000000000002
-0.0004616,0.0028
-0.0004612,0.0028
-0.0004608,0.0032
-0.0004604,0.0016
-0.00046,0.0028
-0.0004596,0.0012000000000000001
-0.0004592,0.002
-0.0004588,0.0032
-0.0004584,0.0028
-0.000458,0.0004
-0.0004576,0.002
-0.0004572,0.0016
-0.0004568,0.0028
-0.0004564,0.0044
-0.000456,0.0024000000000000002
-0.0004556,0.0016
-0.0004552,0.0012000000000000001
-0.0004548,0.0008
-0.0004544,0.0032
-0.000454,0.0048000000000000004
-0.0004536,0.004
-0.0004532,0.0036000000000000003
-0.0004528,0.0024000000000000002
-0.0004524,0.002
-0.000452,0.002
-0.0004516,0.002
-0.0004512,0.0028
-0.0004508,0.0024000000000000002
-0.0004504,0.002
-0.00045,0.0032
-0.0004496,0.004
-0.0004492,0.0012000000000000001
-0.0004488,0.002
-0.0004484,0.002
-0.000448,0.0008
-0.0004476,0.0028
-0.00044720000000000003,0.0028
-0.0004468,0.0044
-0.0004464,0.0056
-0.000446,0.0048000000000000004
-0.0004456,0.0016
-0.0004452,0.0032
-0.0004448,0.0016
-0.0004444,0.0032
-0.000444,0.005200000000000001
-0.0004436,0.0036000000000000003
-0.0004432,0.0024000000000000002
-0.00044280000000000003,0.0028
-0.0004424,0.002
-0.000442,0.0024000000000000002
-0.0004416,0.0032
-0.0004412,0.0024000000000000002
-0.0004408,0.0028
-0.00044039999999999997,-0.0024000000000000002
-0.00044,0.0012000000000000001
-0.0004396,0.0032
-0.0004392,0.002
-0.0004388,0.0024000000000000002
-0.00043840000000000003,0.002
-0.000438,0.0016
-0.0004376,0.0024000000000000002
-0.0004372,0.0024000000000000002
-0.0004368,0.0044
-0.0004364,0.0048000000000000004
-0.00043599999999999997,0.0024000000000000002
-0.0004356,0.0012000000000000001
-0.0004352,0.0016
-0.0004348,0.0028
-0.0004344,0.0036000000000000003
-0.00043400000000000003,0.0032
-0.0004336,0.0036000000000000003
-0.0004332,0.0032
-0.0004328,0.0016
-0.0004324,0.002
-0.000432,0.0028
-0.0004316,0.0024000000000000002
-0.0004312,0.002
-0.0004308,0.0024000000000000002
-0.0004304,0.0028
-0.00043,0.0024000000000000002
-0.00042960000000000003,0.004
-0.0004292,0.0028
-0.0004288,0.0028
-0.0004284,0.0
-0.000428,0.0012000000000000001
-0.0004276,0.0016
-0.0004272,0.0032
-0.0004268,0.0028
-0.0004264,0.0048000000000000004
-0.000426,0.0016
-0.0004256,0.0012000000000000001
-0.00042520000000000004,0.0008
-0.0004248,0.002
-0.0004244,0.0032
-0.000424,0.0036000000000000003
-0.0004236,0.002
-0.0004232,0.0048000000000000004
-0.0004228,0.004
-0.0004224,0.0028
-0.000422,0.0028
-0.0004216,0.0028
-0.0004212,0.0016
-0.00042080000000000004,0.0028
-0.00042040000000000003,0.0024000000000000002
-0.00042,0.0044
-0.0004196,0.0032
-0.0004192,0.0032
-0.0004188,0.0036000000000000003
-0.0004184,0.0024000000000000002
-0.000418,0.0012000000000000001
-0.0004176,0.0008
-0.0004172,0.0028
-0.0004168,0.0032
-0.0004164,0.0036000000000000003
-0.00041600000000000003,0.0016
-0.0004156,0.0028
-0.0004152,0.0016
-0.0004148,0.002
-0.0004144,0.0032
-0.000414,0.0032
-0.00041359999999999997,0.0032
-0.0004132,0.004
-0.0004128,0.0044
-0.0004124,0.0032
-0.000412,0.0036000000000000003
-0.00041160000000000003,0.0048000000000000004
-0.0004112,0.0024000000000000002
-0.0004108,0.0028
-0.0004104,0.0024000000000000002
-0.00041,0.0036000000000000003
-0.0004096,0.0036000000000000003
-0.00040919999999999997,0.0024000000000000002
-0.0004088,0.004
-0.0004084,0.002
-0.000408,0.0008
-0.0004076,0.002
-0.00040720000000000003,0.0036000000000000003
-0.0004068,0.0036000000000000003
-0.0004064,0.0036000000000000003
-0.000406,0.0024000000000000002
-0.0004056,0.0028
-0.0004052,0.002
-0.0004048,0.0032
-0.0004044,0.004
-0.000404,0.004
-0.0004036,0.0028
-0.0004032,0.004
-0.00040280000000000003,0.0024000000000000002
-0.0004024,0.0008
-0.000402,0.002
-0.0004016,0.0028
-0.0004012,0.0012000000000000001
-0.0004008,0.0016
-0.0004004,0.0016
-0.0004,0.002
-0.0003996,0.0024000000000000002
-0.0003992,0.0012000000000000001
-0.0003988,0.0016
-0.00039840000000000003,0.0004
-0.000398,-0.0012000000000000001
-0.0003976,0.002
-0.0003972,0.0036000000000000003
-0.0003968,0.0048000000000000004
-0.0003964,0.0036000000000000003
-0.000396,0.0032
-0.0003956,0.0016
-0.0003952,0.0028
-0.0003948,0.0032
-0.0003944,0.004
-0.00039400000000000004,0.004
-0.0003936,0.0028
-0.0003932,0.0024000000000000002
-0.0003928,0.0016
-0.0003924,0.0016
-0.000392,0.0024000000000000002
-0.0003916,0.0012000000000000001
-0.0003912,0.0
-0.0003908,0.0012000000000000001
-0.0003904,0.0012000000000000001
-0.00039,0.0024000000000000002
-0.00038960000000000004,0.0028
-0.00038920000000000003,0.002
-0.0003888,0.0012000000000000001
-0.0003884,0.0016
-0.000388,0.0008
-0.0003876,0.0036000000000000003
-0.0003872,0.0044
-0.0003868,0.0044
-0.0003864,0.005200000000000001
-0.000386,0.0036000000000000003
-0.0003856,0.0028
-0.0003852,0.004
-0.00038480000000000003,0.004
-0.0003844,0.004
-0.000384,0.0024000000000000002
-0.0003836,0.0032
-0.0003832,0.0036000000000000003
-0.0003828,0.0024000000000000002
-0.00038239999999999997,0.0028
-0.000382,0.0028
-0.0003816,0.0012000000000000001
-0.0003812,0.0
-0.00038080000000000004,0.0024000000000000002
-0.00038040000000000003,0.0024000000000000002
-0.00038,0.0028
-0.0003796,0.0032
-0.0003792,0.0024000000000000002
-0.0003788,0.0024000000000000002
-0.0003784,0.0012000000000000001
-0.00037799999999999997,0.0016
-0.0003776,0.0036000000000000003
-0.0003772,0.0044
-0.0003768,0.0044
-0.00037640000000000004,0.0044
-0.00037600000000000003,0.0036000000000000003
-0.0003756,0.0032
-0.0003752,0.0032
-0.0003748,0.004
-0.0003744,0.004
-0.000374,0.0028
-0.0003736,0.0024000000000000002
-0.0003732,0.0036000000000000003
-0.0003728,0.002
-0.0003724,0.0028
-0.00037200000000000004,0.0036000000000000003
-0.00037160000000000003,0.0012000000000000001
-0.0003712,0.0012000000000000001
-0.0003708,0.0016
-0.0003704,0.0012000000000000001
-0.00037,0.0028
-0.0003696,0.0012000000000000001
-0.0003692,0.0024000000000000002
-0.00036879999999999997,0.0016
-0.0003684,0.0008
-0.000368,0.002
-0.00036760000000000004,0.0024000000000000002
-0.00036720000000000004,0.0028
-0.0003668,0.0032
-0.0003664,0.0048000000000000004
-0.000366,0.002
-0.0003656,0.0044
-0.0003652,0.0028
-0.0003648,0.0024000000000000002
-0.00036439999999999997,0.0024000000000000002
-0.000364,0.0024000000000000002
-0.0003636,0.0032
-0.0003632,0.0028
-0.00036280000000000004,0.002
-0.0003624,0.002
-0.000362,0.0028
-0.0003616,0.0
-0.0003612,0.0
-0.0003608,0.0012000000000000001
-0.0003604,0.0008
-0.00035999999999999997,0.0032
-0.0003596,0.0028
-0.0003592,0.0028
-0.0003588,0.002
-0.00035840000000000004,-0.0008
-0.00035800000000000003,0.0012000000000000001
-0.0003576,0.0016
-0.0003572,0.0028
-0.0003568,0.005200000000000001
-0.0003564,0.005200000000000001
-0.000356,0.0032
-0.00035559999999999997,0.005200000000000001
-0.0003552,0.0032
-0.0003548,0.0024000000000000002
-0.0003544,0.0036000000000000003
-0.00035400000000000004,0.0036000000000000003
-0.00035360000000000003,0.004
-0.0003532,0.0032
-0.0003528,0.0012000000000000001
-0.0003524,0.0028
-0.000352,0.0032
-0.0003516,0.0012000000000000001
-0.00035119999999999997,0.002
-0.0003508,-0.0004
-0.0003504,0.0
-0.00035,0.0032
-0.00034960000000000004,0.004
-0.00034920000000000003,0.0036000000000000003
-0.0003488,0.0036000000000000003
-0.0003484,0.002
-0.000348,0.0032
-0.0003476,0.0024000000000000002
-0.0003472,0.0036000000000000003
-0.00034679999999999997,0.006
-0.0003464,0.0064
-0.000346,0.004
-0.0003456,0.004
-0.00034520000000000004,0.0024000000000000002
-0.00034480000000000003,0.002
-0.0003444,0.0036000000000000003
-0.000344,0.0032
-0.0003436,0.0024000000000000002
-0.0003432,0.0024000000000000002
-0.0003428,0.0016
-0.0003424,0.0028
-0.000342,0.0028
-0.0003416,0.0016
-0.0003412,0.0012000000000000001
-0.00034080000000000004,0.0016
-0.00034040000000000003,0.0008
-0.00034,0.0032
-0.0003396,0.004
-0.0003392,0.0036000000000000003
-0.0003388,0.004
-0.0003384,0.0028
-0.000338,0.0028
-0.0003376,0.004
-0.0003372,0.0036000000000000003
-0.0003368,0.0048000000000000004
-0.00033640000000000005,0.0036000000000000003
-0.00033600000000000004,0.0008
-0.0003356,0.0028
-0.0003352,0.0012000000000000001
-0.0003348,0.002
-0.0003344,0.0024000000000000002
-0.000334,0.0024000000000000002
-0.0003336,0.0024000000000000002
-0.00033319999999999997,0.0012000000000000001
-0.0003328,0.0012000000000000001
-0.0003324,0.0028
-0.00033200000000000005,0.0012000000000000001
-0.00033160000000000004,0.0008
-0.00033120000000000003,0.0016
-0.0003308,0.0028
-0.0003304,0.0016
-0.00033,0.0048000000000000004
-0.0003296,0.0048000000000000004
-0.0003292,0.0032
-0.00032879999999999997,0.0024000000000000002
-0.0003284,0.0012000000000000001
-0.000328,0.002
-0.0003276,0.002
-0.00032720000000000004,0.0044
-0.00032680000000000003,0.004
-0.0003264,0.0032
-0.000326,0.0024000000000000002
-0.0003256,0.0056
-0.0003252,0.0028
-0.0003248,0.002
-0.00032439999999999997,0.0016
-0.000324,0.0016
-0.0003236,0.0016
-0.0003232,0.0016
-0.00032280000000000004,0.0024000000000000002
-0.00032240000000000003,0.0024000000000000002
-0.000322,0.0028
-0.0003216,0.0
-0.0003212,0.0012000000000000001
-0.0003208,0.0016
-0.0003204,0.0016
-0.00031999999999999997,0.0036000000000000003
-0.0003196,0.0044
-0.0003192,0.004
-0.0003188,0.002
-0.00031840000000000004,0.0016
-0.00031800000000000003,0.0028
-0.0003176,0.0028
-0.0003172,0.0032
-0.0003168,0.004
-0.0003164,0.0032
-0.000316,0.0036000000000000003
-0.0003156,0.0036000000000000003
-0.0003152,0.0024000000000000002
-0.0003148,0.0032
-0.0003144,0.0016
-0.00031400000000000004,0.0008
-0.00031360000000000003,0.0016
-0.0003132,0.0016
-0.0003128,0.002
-0.0003124,0.0036000000000000003
-0.000312,0.0024000000000000002
-0.0003116,0.0016
-0.0003112,0.0004
-0.0003108,0.0016
-0.0003104,0.0024000000000000002
-0.00031,0.0036000000000000003
-0.00030960000000000004,0.0032
-0.00030920000000000003,0.005200000000000001
-0.0003088,0.004
-0.0003084,0.0032
-0.000308,0.0024000000000000002
-0.0003076,0.0028
-0.0003072,0.004
-0.0003068,0.0036000000000000003
-0.0003064,0.0036000000000000003
-0.000306,0.0032
-0.0003056,0.0024000000000000002
-0.00030520000000000005,0.0008
-0.00030480000000000004,0.0028
-0.0003044,0.0028
-0.000304,0.002
-0.0003036,0.002
-0.0003032,0.0012000000000000001
-0.0003028,0.0036000000000000003
-0.0003024,0.0044
-0.00030199999999999997,0.0028
-0.0003016,0.0032
-0.0003012,0.0036000000000000003
-0.00030080000000000005,0.002
-0.00030040000000000004,0.0028
-0.00030000000000000003,0.005200000000000001
-0.0002996,0.0044
-0.0002992,0.0048000000000000004
-0.0002988,0.002
-0.0002984,0.0016
-0.000298,0.002
-0.00029759999999999997,0.002
-0.0002972,0.0024000000000000002
-0.0002968,0.004
-0.00029640000000000005,0.0032
-0.00029600000000000004,0.0016
-0.00029560000000000003,0.0024000000000000002
-0.0002952,0.0012000000000000001
-0.0002948,0.0012000000000000001
-0.0002944,0.0032
-0.000294,0.0032
-0.0002936,0.0036000000000000003
-0.00029319999999999997,0.0032
-0.0002928,0.0048000000000000004
-0.0002924,0.006
-0.000292,0.004
-0.00029160000000000004,0.002
-0.00029120000000000003,0.002
-0.0002908,0.0024000000000000002
-0.0002904,0.0028
-0.00029,0.005200000000000001
-0.0002896,0.004
-0.0002892,0.004
-0.00028879999999999997,0.0
-0.0002884,0.0
-0.000288,0.002
-0.0002876,0.0004
-0.00028720000000000004,0.0008
-0.00028680000000000003,0.0036000000000000003
-0.0002864,0.002
-0.000286,0.0028
-0.0002856,0.0028
-0.0002852,0.002
-0.0002848,0.0028
-0.0002844,0.0028
-0.000284,0.0012000000000000001
-0.0002836,0.004
-0.0002832,0.0048000000000000004
-0.00028280000000000004,0.0044
-0.00028240000000000003,0.0044
-0.000282,0.0032
-0.0002816,0.0024000000000000002
-0.0002812,0.002
-0.0002808,0.002
-0.0002804,0.0036000000000000003
-0.00028,0.0032
-0.0002796,0.0012000000000000001
-0.0002792,0.002
-0.0002788,-0.0004
-0.00027840000000000005,-0.0008
-0.00027800000000000004,0.002
-0.0002776,0.0004
-0.0002772,0.0008
-0.0002768,0.002
-0.0002764,0.0028
-0.000276,0.0032
-0.0002756,0.0036000000000000003
-0.0002752,0.0028
-0.0002748,0.0036000000000000003
-0.0002744,0.002
-0.00027400000000000005,0.0024000000000000002
-0.00027360000000000004,0.0036000000000000003
-0.0002732,0.0048000000000000004
-0.0002728,0.006
-0.0002724,0.0036000000000000003
-0.000272,0.0024000000000000002
-0.0002716,0.0016
-0.0002712,0.0016
-0.0002708,0.0008
-0.0002704,0.004
-0.00027,0.0036000000000000003
-0.00026960000000000005,0.002
-0.00026920000000000004,0.0024000000000000002
-0.00026880000000000003,0.0016
-0.0002684,0.002
-0.000268,0.002
-0.0002676,0.0032
-0.0002672,0.0036000000000000003
-0.0002668,0.0032
-0.00026639999999999997,0.0024000000000000002
-0.000266,0.0036000000000000003
-0.0002656,0.0056
-0.00026520000000000005,0.0036000000000000003
-0.00026480000000000004,0.0044
-0.00026440000000000003,0.0036000000000000003
-0.000264,0.0024000000000000002
-0.0002636,0.0032
-0.0002632,0.0044
-0.0002628,0.0048000000000000004
-0.0002624,0.004
-0.00026199999999999997,0.0028
-0.0002616,0.0012000000000000001
-0.0002612,0.0008
-0.0002608,0.0008
-0.00026040000000000004,0.0024000000000000002
-0.00026000000000000003,0.0036000000000000003
-0.0002596,0.0028
-0.0002592,0.0016
-0.0002588,0.0008
-0.0002584,0.002
-0.00025800000000000004,0.0024000000000000002
-0.00025760000000000003,0.0012000000000000001
-0.0002572,0.0036000000000000003
-0.0002568,0.0028
-0.0002564,0.0036000000000000003
-0.000256,0.0032
-0.00025560000000000003,0.0048000000000000004
-0.0002552,0.005200000000000001
-0.0002548,0.0032
-0.0002544,0.0028
-0.000254,0.002
-0.0002536,0.002
-0.00025320000000000003,0.0024000000000000002
-0.0002528,0.004
-0.0002524,0.0036000000000000003
-0.000252,0.0016
-0.0002516,0.0008
-0.00025120000000000003,-0.0004
-0.0002508,0.0004
-0.0002504,0.0012000000000000001
-0.00025,0.0012000000000000001
-0.0002496,0.002
-0.0002492,0.002
-0.00024880000000000003,0.0016
-0.0002484,0.0024000000000000002
-0.000248,0.0032
-0.0002476,0.0028
-0.0002472,0.0032
-0.00024680000000000004,0.0044
-0.0002464,0.004
-0.000246,0.0036000000000000003
-0.0002456,0.0032
-0.0002452,0.0036000000000000003
-0.0002448,0.0032
-0.00024440000000000003,0.0012000000000000001
-0.00024400000000000002,0.0016
-0.0002436,0.002
-0.0002432,0.0028
-0.0002428,0.0044
-0.00024240000000000004,0.0044
-0.00024200000000000003,0.0012000000000000001
-0.00024160000000000002,0.0008
-0.0002412,0.0016
-0.0002408,0.0008
-0.0002404,0.0032
-0.00024000000000000003,0.004
-0.00023960000000000002,0.004
-0.00023920000000000001,0.004
-0.0002388,0.002
-0.0002384,0.0032
-0.00023799999999999998,0.0044
-0.00023760000000000003,0.0028
-0.00023720000000000002,0.0028
-0.0002368,0.0048000000000000004
-0.0002364,0.0032
-0.000236,0.0028
-0.00023560000000000003,0.0032
-0.00023520000000000002,0.0032
-0.00023480000000000002,0.002
-0.0002344,0.0016
-0.000234,0.0008
-0.00023359999999999999,0.0028
-0.00023320000000000003,0.0028
-0.00023280000000000002,0.0028
-0.0002324,0.0036000000000000003
-0.000232,0.0008
-0.0002316,0.0024000000000000002
-0.00023120000000000004,0.002
-0.00023080000000000003,0.0024000000000000002
-0.00023040000000000002,0.0044
-0.00023,0.004
-0.0002296,0.0036000000000000003
-0.0002292,0.0032
-0.00022880000000000003,0.0024000000000000002
-0.00022840000000000002,0.0032
-0.000228,0.0036000000000000003
-0.0002276,0.0012000000000000001
-0.0002272,0.0028
-0.00022680000000000004,0.0032
-0.00022640000000000003,0.0036000000000000003
-0.00022600000000000002,0.0036000000000000003
-0.0002256,0.0028
-0.0002252,0.002
-0.0002248,0.0012000000000000001
-0.00022440000000000003,-0.0004
-0.00022400000000000002,0.0004
-0.00022360000000000001,0.0028
-0.0002232,0.0024000000000000002
-0.0002228,0.0024000000000000002
-0.00022239999999999998,0.0036000000000000003
-0.00022200000000000003,0.002
-0.00022160000000000002,0.0024000000000000002
-0.0002212,0.0024000000000000002
-0.0002208,0.002
-0.0002204,0.0036000000000000003
-0.00022000000000000003,0.0028
-0.00021960000000000003,0.0028
-0.00021920000000000002,0.0028
-0.0002188,0.0028
-0.0002184,0.0024000000000000002
-0.00021799999999999999,0.004
-0.00021760000000000003,0.0012000000000000001
-0.00021720000000000002,0.0024000000000000002
-0.0002168,0.0024000000000000002
-0.0002164,0.0036000000000000003
-0.000216,0.0036000000000000003
-0.00021560000000000004,0.0036000000000000003
-0.00021520000000000003,0.0032
-0.00021480000000000002,0.0024000000000000002
-0.0002144,0.0008
-0.000214,0.0024000000000000002
-0.0002136,0.0032
-0.00021320000000000003,0.0024000000000000002
-0.00021280000000000002,0.0036000000000000003
-0.0002124,0.0032
-0.000212,0.0012000000000000001
-0.0002116,0.0028
-0.00021120000000000004,0.0024000000000000002
-0.00021080000000000003,0.0032
-0.00021040000000000002,0.0044
-0.00021,0.0028
-0.0002096,0.0032
-0.0002092,0.0028
-0.00020880000000000003,0.0028
-0.00020840000000000002,0.0044
-0.00020800000000000001,0.0032
-0.0002076,0.002
-0.0002072,0.0028
-0.00020680000000000004,0.0024000000000000002
-0.00020640000000000003,0.0012000000000000001
-0.00020600000000000002,0.0036000000000000003
-0.0002056,0.0024000000000000002
-0.0002052,0.0028
-0.0002048,0.0012000000000000001
-0.00020440000000000004,0.0008
-0.00020400000000000003,0.002
-0.00020360000000000002,0.0028
-0.0002032,0.0032
-0.0002028,0.0048000000000000004
-0.0002024,0.004
-0.00020200000000000003,0.0024000000000000002
-0.00020160000000000002,0.0028
-0.0002012,0.0028
-0.0002008,0.0036000000000000003
-0.0002004,0.0032
-0.00020000000000000004,0.0012000000000000001
-0.00019960000000000003,0.0028
-0.00019920000000000002,0.0016
-0.0001988,0.0032
-0.0001984,0.0032
-0.000198,0.0012000000000000001
-0.00019760000000000003,0.0016
-0.00019720000000000002,0.002
-0.0001968,0.0004
-0.0001964,0.0016
-0.000196,0.0036000000000000003
-0.00019560000000000004,0.0036000000000000003
-0.00019520000000000003,0.0044
-0.00019480000000000002,0.0024000000000000002
-0.0001944,0.0008
-0.000194,0.0028
-0.0001936,0.0024000000000000002
-0.00019320000000000003,0.0032
-0.00019280000000000002,0.005200000000000001
-0.00019240000000000001,0.0028
-0.000192,0.0032
-0.0001916,0.002
-0.00019120000000000004,0.0016
-0.00019080000000000003,0.0004
-0.00019040000000000002,0.0024000000000000002
-0.00019,0.0016
-0.0001896,0.0024000000000000002
-0.0001892,0.0012000000000000001
-0.00018880000000000004,0.0016
-0.00018840000000000003,0.0036000000000000003
-0.00018800000000000002,0.0016
-0.0001876,0.002
-0.0001872,0.0044
-0.0001868,0.002
-0.00018640000000000003,0.0044
-0.00018600000000000002,0.0056
-0.0001856,0.0056
-0.0001852,0.0044
-0.0001848,0.002
-0.00018440000000000004,0.002
-0.00018400000000000003,0.0028
-0.00018360000000000002,0.002
-0.0001832,0.0032
-0.0001828,0.0028
-0.0001824,0.0016
-0.00018200000000000003,0.0004
-0.00018160000000000002,0.0024000000000000002
-0.0001812,0.0008
-0.0001808,0.0028
-0.0001804,0.0036000000000000003
-0.00018000000000000004,0.002
-0.00017960000000000003,0.0028
-0.00017920000000000002,0.0024000000000000002
-0.0001788,0.0024000000000000002
-0.0001784,0.004
-0.000178,0.0032
-0.00017760000000000003,0.004
-0.00017720000000000002,0.0036000000000000003
-0.00017680000000000001,0.0024000000000000002
-0.0001764,0.005200000000000001
-0.000176,0.0056
-0.00017560000000000004,0.0036000000000000003
-0.00017520000000000003,0.0036000000000000003
-0.00017480000000000002,0.0004
-0.0001744,0.002
-0.000174,0.0024000000000000002
-0.0001736,0.002
-0.00017320000000000004,0.0028
-0.00017280000000000003,0.0028
-0.00017240000000000002,0.0008
-0.000172,0.0004
-0.0001716,0.0012000000000000001
-0.00017120000000000004,0.0004
-0.00017080000000000003,0.0012000000000000001
-0.00017040000000000002,0.0024000000000000002
-0.00017,0.0016
-0.0001696,0.004
-0.0001692,0.0044
-0.00016880000000000004,0.004
-0.00016840000000000003,0.0048000000000000004
-0.00016800000000000002,0.0032
-0.0001676,0.002
-0.0001672,0.0028
-0.0001668,0.0012000000000000001
-0.00016640000000000003,0.0044
-0.00016600000000000002,0.004
-0.00016560000000000001,0.0032
-0.0001652,0.0024000000000000002
-0.0001648,0.0008
-0.00016440000000000004,0.0016
-0.00016400000000000003,0.0012000000000000001
-0.00016360000000000002,0.0004
-0.0001632,0.0016
-0.0001628,0.0012000000000000001
-0.0001624,0.0004
-0.00016200000000000003,0.0012000000000000001
-0.00016160000000000002,0.0024000000000000002
-0.00016120000000000002,0.0004
-0.0001608,0.0024000000000000002
-0.0001604,0.0008
-0.00016000000000000004,0.0012000000000000001
-0.00015960000000000003,0.0032
-0.00015920000000000002,0.0036000000000000003
-0.0001588,0.0056
-0.0001584,0.005200000000000001
-0.000158,0.002
-0.00015760000000000004,0.0036000000000000003
-0.00015720000000000003,0.0024000000000000002
-0.00015680000000000002,0.0012000000000000001
-0.0001564,0.0044
-0.000156,0.0032
-0.00015560000000000004,0.0032
-0.00015520000000000003,0.0032
-0.00015480000000000002,0.0004
-0.0001544,0.0008
-0.000154,0.0016
-0.0001536,0.0004
-0.00015320000000000004,0.0028
-0.00015280000000000003,0.0016
-0.00015240000000000002,0.0012000000000000001
-0.000152,0.002
-0.0001516,0.0036000000000000003
-0.0001512,0.0032
-0.00015080000000000003,0.0044
-0.00015040000000000002,0.002
-0.00015000000000000001,0.0024000000000000002
-0.0001496,0.0036000000000000003
-0.0001492,0.0032
-0.00014880000000000004,0.0048000000000000004
-0.00014840000000000003,0.0056
-0.00014800000000000002,0.0032
-0.0001476,0.004
-0.0001472,0.0016
-0.0001468,0.0012000000000000001
-0.00014640000000000003,0.0024000000000000002
-0.00014600000000000003,0.0028
-0.00014560000000000002,0.0028
-0.0001452,0.0032
-0.0001448,0.0004
-0.00014440000000000004,0.0008
-0.00014400000000000003,0.0028
-0.00014360000000000002,0.0016
-0.0001432,0.004
-0.0001428,0.0044
-0.0001424,0.0028
-0.00014200000000000004,0.0036000000000000003
-0.00014160000000000003,0.0036000000000000003
-0.00014120000000000002,0.0032
-0.0001408,0.0056
-0.0001404,0.0036000000000000003
-0.00014000000000000004,0.002
-0.00013960000000000003,0.0032
-0.00013920000000000002,0.0016
-0.0001388,0.0028
-0.0001384,0.0024000000000000002
-0.000138,0.002
-0.00013760000000000004,0.0008
-0.00013720000000000003,-0.0004
-0.00013680000000000002,0.0016
-0.0001364,0.0036000000000000003
-0.000136,0.0032
-0.0001356,0.004
-0.00013520000000000003,0.0028
-0.00013480000000000002,0.0008
-0.00013440000000000001,0.0024000000000000002
-0.000134,0.002
-0.0001336,0.0032
-0.00013320000000000004,0.0036000000000000003
-0.00013280000000000003,0.0028
-0.00013240000000000002,0.0028
-0.000132,0.0028
-0.0001316,0.0016
-0.0001312,0.002
-0.00013080000000000004,0.0024000000000000002
-0.00013040000000000003,0.0004
-0.00013000000000000002,-0.0004
-0.0001296,0.0
-0.0001292,0.0016
-0.00012880000000000004,0.0028
-0.00012840000000000003,0.002
-0.00012800000000000002,0.0016
-0.0001276,0.0016
-0.0001272,0.0008
-0.0001268,0.0008
-0.00012640000000000004,0.005200000000000001
-0.00012600000000000003,0.005200000000000001
-0.00012560000000000002,0.004
-0.0001252,0.0036000000000000003
-0.0001248,0.0028
-0.00012440000000000004,0.0032
-0.00012400000000000003,0.0032
-0.00012360000000000002,0.0028
-0.0001232,0.004
-0.0001228,0.0024000000000000002
-0.0001224,0.0016
-0.00012200000000000004,0.0032
-0.00012160000000000003,0.0032
-0.00012120000000000002,0.0024000000000000002
-0.00012080000000000001,0.0008
-0.0001204,0.0004
-0.00011999999999999999,0.0012000000000000001
-0.00011960000000000003,0.002
-0.00011920000000000002,0.0024000000000000002
-0.00011880000000000001,0.005200000000000001
-0.0001184,0.0032
-0.000118,0.0008
-0.00011760000000000004,0.0032
-0.00011720000000000003,0.0024000000000000002
-0.00011680000000000002,0.0048000000000000004
-0.00011640000000000001,0.006
-0.000116,0.0044
-0.00011559999999999999,0.0048000000000000004
-0.00011520000000000004,0.0028
-0.00011480000000000003,0.0024000000000000002
-0.00011440000000000002,0.0032
-0.000114,0.0024000000000000002
-0.0001136,0.0024000000000000002
-0.00011320000000000004,0.002
-0.00011280000000000003,0.0016
-0.00011240000000000002,0.0012000000000000001
-0.00011200000000000001,0.002
-0.0001116,0.002
-0.00011119999999999999,0.0032
-0.00011080000000000004,0.002
-0.00011040000000000003,0.0004
-0.00011000000000000002,0.0016
-0.00010960000000000001,0.0028
-0.0001092,0.0024000000000000002
-0.00010880000000000004,0.0036000000000000003
-0.00010840000000000003,0.004
-0.00010800000000000002,0.0036000000000000003
-0.00010760000000000001,0.0028
-0.0001072,0.0024000000000000002
-0.0001068,0.004
-0.00010640000000000004,0.0048000000000000004
-0.00010600000000000003,0.0044
-0.00010560000000000002,0.005200000000000001
-0.00010520000000000001,0.0032
-0.0001048,0.0028
-0.00010440000000000004,0.0024000000000000002
-0.00010400000000000003,0.002
-0.00010360000000000002,0.0024000000000000002
-0.00010320000000000001,0.0016
-0.0001028,0.0012000000000000001
-0.0001024,0.0024000000000000002
-0.00010200000000000004,0.0028
-0.00010160000000000003,0.0024000000000000002
-0.00010120000000000002,0.0032
-0.00010080000000000001,0.0012000000000000001
-0.0001004,0.0
-9.999999999999999e-05,0.0004
-9.960000000000004e-05,0.002
-9.920000000000003e-05,0.0036000000000000003
-9.880000000000002e-05,0.005200000000000001
-9.84e-05,0.005200000000000001
-9.8e-05,0.0048000000000000004
-9.760000000000004e-05,0.0028
-9.720000000000003e-05,0.0012000000000000001
-9.680000000000002e-05,0.0028
-9.640000000000001e-05,0.004
-9.6e-05,0.0036000000000000003
-9.559999999999999e-05,0.004
-9.520000000000004e-05,0.0028
-9.480000000000003e-05,0.002
-9.440000000000002e-05,0.0016
-9.400000000000001e-05,0.0016
-9.36e-05,0.002
-9.320000000000004e-05,0.0012000000000000001
-9.280000000000003e-05,0.0004
-9.240000000000002e-05,0.0016
-9.200000000000001e-05,0.002
-9.16e-05,0.0024000000000000002
-9.12e-05,0.0032
-9.080000000000004e-05,0.0036000000000000003
-9.040000000000003e-05,0.0032
-9.000000000000002e-05,0.002
-8.960000000000001e-05,0.0032
-8.92e-05,0.0032
-8.880000000000004e-05,0.0044
-8.840000000000003e-05,0.0028
-8.800000000000002e-05,0.0036000000000000003
-8.760000000000002e-05,0.0008
-8.72e-05,-0.0004
-8.68e-05,0.002
-8.640000000000004e-05,0.0028
-8.600000000000003e-05,0.0032
-8.560000000000002e-05,0.0036000000000000003
-8.520000000000001e-05,0.0012000000000000001
-8.48e-05,0.0016
-8.439999999999999e-05,0.0016
-8.400000000000004e-05,0.0024000000000000002
-8.360000000000003e-05,0.0032
-8.320000000000002e-05,0.0044
-8.280000000000001e-05,0.0032
-8.24e-05,0.004
-8.200000000000004e-05,0.0044
-8.160000000000003e-05,0.0044
-8.120000000000002e-05,0.0036000000000000003
-8.080000000000001e-05,0.0044
-8.04e-05,0.0028
-7.999999999999999e-05,0.0016
-7.960000000000004e-05,0.0028
-7.920000000000003e-05,0.0032
-7.880000000000002e-05,0.0048000000000000004
-7.840000000000001e-05,0.0032
-7.8e-05,0.0008
-7.760000000000004e-05,0.0012000000000000001
-7.720000000000003e-05,-0.0004
-7.680000000000002e-05,0.002
-7.640000000000001e-05,0.0036000000000000003
-7.6e-05,0.0032
-7.56e-05,0.0044
-7.520000000000004e-05,0.0032
-7.480000000000003e-05,0.0032
-7.440000000000002e-05,0.0032
-7.400000000000001e-05,0.0036000000000000003
-7.36e-05,0.0032
-7.320000000000004e-05,0.0048000000000000004
-7.280000000000003e-05,0.004
-7.240000000000003e-05,0.0032
-7.200000000000002e-05,0.0044
-7.16e-05,0.0032
-7.12e-05,0.0024000000000000002
-7.080000000000004e-05,0.002
-7.040000000000003e-05,0.0008
-7.000000000000002e-05,0.0008
-6.960000000000001e-05,0.0012000000000000001
-6.92e-05,0.0016
-6.880000000000005e-05,0.004
-6.840000000000004e-05,0.0016
-6.800000000000003e-05,0.0
-6.760000000000002e-05,0.0004
-6.720000000000001e-05,0.0
-6.68e-05,0.0032
-6.640000000000004e-05,0.0036000000000000003
-6.600000000000003e-05,0.004
-6.560000000000002e-05,0.0044
-6.520000000000001e-05,0.0036000000000000003
-6.48e-05,0.0048000000000000004
-6.44e-05,0.004
-6.400000000000004e-05,0.0036000000000000003
-6.360000000000003e-05,0.0036000000000000003
-6.320000000000002e-05,0.0036000000000000003
-6.280000000000001e-05,0.0016
-6.24e-05,0.0032
-6.200000000000004e-05,0.0036000000000000003
-6.160000000000003e-05,0.0036000000000000003
-6.120000000000002e-05,0.002
-6.0800000000000014e-05,0.0004
-6.0400000000000004e-05,0.0
-5.9999999999999995e-05,0.0
-5.960000000000004e-05,0.0004
-5.920000000000003e-05,0.0024000000000000002
-5.880000000000002e-05,0.004
-5.840000000000001e-05,0.0024000000000000002
-5.8e-05,0.002
-5.7600000000000045e-05,0.002
-5.7200000000000035e-05,0.0012000000000000001
-5.6800000000000025e-05,0.0044
-5.6400000000000016e-05,0.0044
-5.6000000000000006e-05,0.0044
-5.5599999999999996e-05,0.0032
-5.520000000000004e-05,0.0028
-5.480000000000003e-05,0.005200000000000001
-5.440000000000002e-05,0.0048000000000000004
-5.400000000000001e-05,0.0036000000000000003
-5.36e-05,0.004
-5.3200000000000046e-05,0.0024000000000000002
-5.2800000000000037e-05,0.0012000000000000001
-5.240000000000003e-05,0.0032
-5.200000000000002e-05,0.0024000000000000002
-5.160000000000001e-05,0.0028
-5.12e-05,0.0016
-5.080000000000004e-05,-0.0004
-5.040000000000003e-05,0.0008
-5.000000000000002e-05,0.0012000000000000001
-4.960000000000001e-05,0.0004
-4.92e-05,0.0028
-4.8799999999999994e-05,0.0044
-4.840000000000004e-05,0.0036000000000000003
-4.800000000000003e-05,0.0032
-4.760000000000002e-05,0.002
-4.720000000000001e-05,0.0024000000000000002
-4.68e-05,0.004
-4.6400000000000044e-05,0.004
-4.6000000000000034e-05,0.0056
-4.5600000000000024e-05,0.0048000000000000004
-4.5200000000000014e-05,0.0024000000000000002
-4.4800000000000005e-05,0.0036000000000000003
-4.4399999999999995e-05,0.004
-4.400000000000004e-05,0.0024000000000000002
-4.360000000000003e-05,0.0028
-4.320000000000002e-05,0.002
-4.280000000000001e-05,0.0012000000000000001
-4.24e-05,0.0036000000000000003
-4.2000000000000045e-05,0.0028
-4.1600000000000035e-05,0.004
-4.1200000000000026e-05,0.0036000000000000003
-4.0800000000000016e-05,0.002
-4.0400000000000006e-05,0.0028
-3.9999999999999996e-05,0.002
-3.960000000000004e-05,0.002
-3.920000000000003e-05,0.0048000000000000004
-3.880000000000002e-05,0.0056
-3.840000000000001e-05,0.0032
-3.8e-05,0.0032
-3.7600000000000047e-05,0.002
-3.720000000000004e-05,0.002
-3.680000000000003e-05,0.0036000000000000003
-3.640000000000002e-05,0.0012000000000000001
-3.600000000000001e-05,0.0024000000000000002
-3.56e-05,0.002
-3.520000000000004e-05,0.0008
-3.480000000000003e-05,0.0024000000000000002
-3.440000000000002e-05,0.0024000000000000002
-3.400000000000001e-05,0.0008
-3.3600000000000004e-05,0.0028
-3.3199999999999994e-05,0.002
-3.280000000000004e-05,0.0024000000000000002
-3.240000000000003e-05,0.0032
-3.200000000000002e-05,0.0044
-3.160000000000001e-05,0.0056
-3.12e-05,0.005200000000000001
-3.0800000000000044e-05,0.0028
-3.0400000000000034e-05,0.0028
-3.0000000000000024e-05,0.002
-2.9600000000000015e-05,0.002
-2.9200000000000005e-05,0.0044
-2.8799999999999995e-05,0.004
-2.840000000000004e-05,0.0024000000000000002
-2.800000000000003e-05,0.0016
-2.760000000000002e-05,-0.0004
-2.720000000000001e-05,0.0
-2.68e-05,0.0008
-2.6400000000000045e-05,0.0012000000000000001
-2.6000000000000036e-05,0.0016
-2.5600000000000026e-05,0.0028
-2.5200000000000016e-05,0.002
-2.4800000000000007e-05,0.0028
-2.4399999999999997e-05,0.0044
-2.400000000000004e-05,0.0036000000000000003
-2.360000000000003e-05,0.0044
-2.3200000000000022e-05,0.0036000000000000003
-2.2800000000000012e-05,0.0044
-2.2400000000000002e-05,0.0048000000000000004
-2.2000000000000047e-05,0.005200000000000001
-2.1600000000000037e-05,0.0036000000000000003
-2.1200000000000027e-05,0.0028
-2.0800000000000018e-05,0.0016
-2.0400000000000008e-05,0.0016
-1.9999999999999998e-05,0.0016
-1.9600000000000043e-05,0.0028
-1.9200000000000033e-05,0.0032
-1.8800000000000023e-05,0.0028
-1.8400000000000014e-05,0.0012000000000000001
-1.8000000000000004e-05,0.0
-1.7599999999999994e-05,0.0008
-1.720000000000004e-05,0.002
-1.680000000000003e-05,0.004
-1.640000000000002e-05,0.002
-1.600000000000001e-05,0.0032
-1.5600000000000054e-05,0.0044
-1.5200000000000044e-05,0.0036000000000000003
-1.4800000000000034e-05,0.0036000000000000003
-1.4400000000000025e-05,0.0044
-1.4000000000000015e-05,0.004
-1.3600000000000005e-05,0.0036000000000000003
-1.3199999999999996e-05,0.0036000000000000003
-1.2799999999999986e-05,0.004
-1.2399999999999976e-05,0.005200000000000001
-1.2000000000000075e-05,0.0044
-1.1600000000000065e-05,0.0036000000000000003
-1.1200000000000055e-05,0.004
-1.0800000000000046e-05,0.0004
-1.0400000000000036e-05,0.0008
-1.0000000000000026e-05,0.0016
-9.600000000000017e-06,0.0016
-9.200000000000007e-06,0.0036000000000000003
-8.799999999999997e-06,0.0036000000000000003
-8.399999999999987e-06,0.0016
-7.999999999999978e-06,0.0024000000000000002
-7.599999999999968e-06,0.0012000000000000001
-7.200000000000067e-06,0.0036000000000000003
-6.800000000000057e-06,0.004
-6.400000000000047e-06,0.0016
-6.000000000000037e-06,0.0032
-5.600000000000028e-06,0.0036000000000000003
-5.200000000000018e-06,0.0028
-4.800000000000008e-06,0.005200000000000001
-4.3999999999999985e-06,0.0056
-3.999999999999989e-06,0.0044
-3.599999999999979e-06,0.0036000000000000003
-3.1999999999999694e-06,0.0028
-2.800000000000068e-06,0.0032
-2.4000000000000583e-06,0.0044
-2.0000000000000486e-06,0.0032
-1.6000000000000389e-06,0.0032
-1.2000000000000292e-06,0.0036000000000000003
-8.000000000000194e-07,0.0012000000000000001
-4.000000000000097e-07,0.0008
0.0,0.0012000000000000001
4.000000000000097e-07,0.002
8.000000000000194e-07,0.0032
1.2000000000000292e-06,0.0028
1.5999999999999305e-06,0.0028
1.99999999999994e-06,0.0028
2.39999999999995e-06,0.0008
2.7999999999999596e-06,0.0016
3.1999999999999694e-06,0.004
3.599999999999979e-06,0.002
3.999999999999989e-06,0.0036000000000000003
4.3999999999999985e-06,0.0032
4.800000000000008e-06,0.0028
5.200000000000018e-06,0.0044
5.600000000000028e-06,0.0028
5.999999999999929e-06,0.0036000000000000003
6.399999999999939e-06,0.0024000000000000002
6.7999999999999484e-06,0.0012000000000000001
7.199999999999958e-06,0.0004
7.599999999999968e-06,0.0024000000000000002
7.999999999999978e-06,0.002
8.399999999999987e-06,0.002
8.799999999999997e-06,0.002
9.200000000000007e-06,-0.0008
9.600000000000017e-06,0.0016
1.0000000000000026e-05,0.0
1.0399999999999928e-05,0.0016
1.0799999999999937e-05,0.004
1.1199999999999947e-05,0.0032
1.1599999999999957e-05,0.0036000000000000003
1.1999999999999966e-05,0.0044
1.2399999999999976e-05,0.0028
1.2799999999999986e-05,0.0032
1.3199999999999996e-05,0.002
1.3600000000000005e-05,0.0024000000000000002
1.4000000000000015e-05,0.004
1.4400000000000025e-05,0.0016
1.4799999999999926e-05,0.002
1.5199999999999936e-05,0.0036000000000000003
1.5599999999999946e-05,0.0012000000000000001
1.5999999999999955e-05,0.0016
1.6399999999999965e-05,0.0028
1.6799999999999975e-05,0.0016
1.7199999999999984e-05,0.0024000000000000002
1.7599999999999994e-05,0.002
1.8000000000000004e-05,0.0036000000000000003
1.8400000000000014e-05,0.0044
1.8800000000000023e-05,0.0032
1.9199999999999925e-05,0.0032
1.9599999999999934e-05,0.0028
1.9999999999999944e-05,0.0012000000000000001
2.0399999999999954e-05,0.004
2.0799999999999963e-05,0.006
2.1199999999999973e-05,0.0056
2.1599999999999983e-05,0.0048000000000000004
2.1999999999999993e-05,0.0028
2.2400000000000002e-05,0.002
2.2800000000000012e-05,0.0028
2.3200000000000022e-05,0.0008
2.3599999999999923e-05,0.0016
2.3999999999999933e-05,0.0028
2.4399999999999943e-05,0.002
2.4799999999999952e-05,0.0012000000000000001
2.5199999999999962e-05,0.0036000000000000003
2.5599999999999972e-05,0.0028
2.599999999999998e-05,0.0024000000000000002
2.639999999999999e-05,0.002
2.68e-05,0.0016
2.720000000000001e-05,0.004
2.760000000000002e-05,0.0036000000000000003
2.800000000000003e-05,0.0048000000000000004
2.839999999999993e-05,0.006
2.879999999999994e-05,0.005200000000000001
2.919999999999995e-05,0.0032
2.959999999999996e-05,0.0036000000000000003
2.999999999999997e-05,0.0036000000000000003
3.039999999999998e-05,0.0032
3.079999999999999e-05,0.0048000000000000004
3.12e-05,0.0036000000000000003
3.160000000000001e-05,0.004
3.200000000000002e-05,0.0004
3.240000000000003e-05,0.0012000000000000001
3.279999999999993e-05,0.0012000000000000001
3.319999999999994e-05,0.002
3.359999999999995e-05,0.002
3.399999999999996e-05,0.0016
3.439999999999997e-05,0.0024000000000000002
3.479999999999998e-05,0.0012000000000000001
3.519999999999999e-05,0.0032
3.56e-05,0.0036000000000000003
3.600000000000001e-05,0.004
3.640000000000002e-05,0.0032
3.680000000000003e-05,0.0024000000000000002
3.719999999999993e-05,0.0048000000000000004
3.759999999999994e-05,0.004
3.799999999999995e-05,0.0048000000000000004
3.839999999999996e-05,0.0036000000000000003
3.879999999999997e-05,0.0028
3.919999999999998e-05,0.0012000000000000001
3.959999999999999e-05,0.0008
3.9999999999999996e-05,0.0016
4.0400000000000006e-05,0.004
4.0800000000000016e-05,0.0036000000000000003
4.1200000000000026e-05,0.002
4.159999999999993e-05,0.0024000000000000002
4.199999999999994e-05,0.0
4.2399999999999946e-05,-0.0008
4.2799999999999956e-05,0.0016
4.3199999999999966e-05,0.0012000000000000001
4.3599999999999976e-05,0.002
4.3999999999999985e-05,0.0024000000000000002
4.4399999999999995e-05,0.0012000000000000001
4.4800000000000005e-05,0.0044
4.5200000000000014e-05,0.0044
4.5600000000000024e-05,0.0028
4.5999999999999925e-05,0.0048000000000000004
4.6399999999999935e-05,0.0032
4.6799999999999945e-05,0.0012000000000000001
4.7199999999999955e-05,0.0036000000000000003
4.7599999999999964e-05,0.0036000000000000003
4.7999999999999974e-05,0.0048000000000000004
4.8399999999999984e-05,0.0044
4.8799999999999994e-05,0.0032
4.92e-05,0.0036000000000000003
4.960000000000001e-05,0.0016
5.000000000000002e-05,0.0016
5.0399999999999924e-05,0.0028
5.0799999999999934e-05,0.0024000000000000002
5.1199999999999943e-05,0.0012000000000000001
5.159999999999995e-05,0.0024000000000000002
5.199999999999996e-05,0.0016
5.239999999999997e-05,0.0016
5.279999999999998e-05,0.0012000000000000001
5.319999999999999e-05,-0.0004
5.36e-05,0.0028
5.400000000000001e-05,0.0032
5.440000000000002e-05,0.0012000000000000001
5.479999999999992e-05,0.0036000000000000003
5.519999999999993e-05,0.0056
5.559999999999994e-05,0.0048000000000000004
5.599999999999995e-05,0.004
5.639999999999996e-05,0.0032
5.679999999999997e-05,0.0032
5.719999999999998e-05,0.0024000000000000002
5.759999999999999e-05,0.0028
5.8e-05,0.006
5.840000000000001e-05,0.005200000000000001
5.880000000000002e-05,0.0016
5.920000000000003e-05,0.0024000000000000002
5.959999999999993e-05,0.0012000000000000001
5.999999999999994e-05,0.0012000000000000001
6.039999999999995e-05,0.0024000000000000002
6.079999999999996e-05,0.0032
6.119999999999997e-05,0.0032
6.159999999999998e-05,0.002
6.199999999999999e-05,0.0012000000000000001
6.24e-05,0.004
6.280000000000001e-05,0.0032
6.320000000000002e-05,0.002
6.360000000000003e-05,0.0048000000000000004
6.399999999999993e-05,0.004
6.439999999999994e-05,0.0036000000000000003
6.479999999999995e-05,0.004
6.519999999999996e-05,0.0032
6.559999999999997e-05,0.0032
6.599999999999998e-05,0.0032
6.639999999999999e-05,0.0024000000000000002
6.68e-05,0.0016
6.720000000000001e-05,0.0016
6.760000000000002e-05,0.0008
6.800000000000003e-05,0.004
6.839999999999993e-05,0.0032
6.879999999999994e-05,0.0012000000000000001
6.919999999999995e-05,0.0016
6.959999999999996e-05,0.0
6.999999999999997e-05,0.0012000000000000001
7.039999999999998e-05,0.0028
7.079999999999999e-05,0.0028
7.12e-05,0.005200000000000001
7.16e-05,0.0036000000000000003
7.200000000000002e-05,0.0028
7.240000000000003e-05,0.0028
7.279999999999993e-05,0.0028
7.319999999999994e-05,0.0016
7.359999999999995e-05,0.004
7.399999999999996e-05,0.0024000000000000002
7.439999999999997e-05,0.0016
7.479999999999998e-05,0.0024000000000000002
7.519999999999998e-05,0.0032
7.56e-05,0.0024000000000000002
7.6e-05,0.002
7.640000000000001e-05,0.0004
7.680000000000002e-05,0.0004
7.719999999999992e-05,0.0012000000000000001
7.759999999999993e-05,0.0024000000000000002
7.799999999999994e-05,0.0044
7.839999999999995e-05,0.004
7.879999999999996e-05,0.0028
7.919999999999997e-05,0.0036000000000000003
7.959999999999998e-05,0.0032
7.999999999999999e-05,0.0036000000000000003
8.04e-05,0.0048000000000000004
8.080000000000001e-05,0.0048000000000000004
8.120000000000002e-05,0.0044
8.159999999999992e-05,0.0028
8.199999999999993e-05,0.0024000000000000002
8.239999999999994e-05,0.0032
8.279999999999995e-05,0.0016
8.319999999999996e-05,0.002
8.359999999999997e-05,0.0024000000000000002
8.399999999999998e-05,0.0008
8.439999999999999e-05,0.0008
8.48e-05,0.0016
8.520000000000001e-05,0.0032
8.560000000000002e-05,0.002
8.599999999999992e-05,0.0032
8.639999999999993e-05,0.0024000000000000002
8.679999999999994e-05,0.0004
8.719999999999995e-05,0.0028
8.759999999999996e-05,0.004
8.799999999999997e-05,0.006
8.839999999999998e-05,0.005200000000000001
8.879999999999999e-05,0.004
8.92e-05,0.004
8.960000000000001e-05,0.0032
9.000000000000002e-05,0.0032
9.039999999999992e-05,0.0044
9.079999999999993e-05,0.0036000000000000003
9.119999999999994e-05,0.002
9.159999999999995e-05,0.002
9.199999999999996e-05,0.0008
9.239999999999997e-05,0.0012000000000000001
9.279999999999998e-05,0.0008
9.319999999999999e-05,0.0008
9.36e-05,0.0008
9.400000000000001e-05,-0.0008
9.440000000000002e-05,0.0008
9.480000000000003e-05,0.0032
9.519999999999993e-05,0.0024000000000000002
9.559999999999994e-05,0.0032
9.599999999999995e-05,0.0036000000000000003
9.639999999999996e-05,0.0024000000000000002
9.679999999999997e-05,0.0012000000000000001
9.719999999999998e-05,0.0024000000000000002
9.759999999999999e-05,0.004
9.8e-05,0.0044
9.84e-05,0.0044
9.880000000000002e-05,0.0032
9.920000000000003e-05,0.0036000000000000003
9.959999999999993e-05,0.002
9.999999999999994e-05,0.004
0.00010039999999999995,0.0036000000000000003
0.00010079999999999996,0.0024000000000000002
0.00010119999999999997,0.002
0.00010159999999999998,0.0024000000000000002
0.00010199999999999999,0.0004
0.0001024,0.002
0.0001028,0.0016
0.00010320000000000001,0.0
0.00010360000000000002,0.0016
0.00010399999999999993,0.0004
0.00010439999999999994,0.002
0.00010479999999999995,0.0036000000000000003
0.00010519999999999996,0.0028
0.00010559999999999996,0.0048000000000000004
0.00010599999999999997,0.0032
0.00010639999999999998,0.0016
0.0001068,0.0028
0.0001072,0.0016
0.00010760000000000001,0.0036000000000000003
0.00010800000000000002,0.0068000000000000005
0.00010839999999999992,0.0044
0.00010879999999999993,0.004
0.00010919999999999994,0.004
0.00010959999999999995,0.0012000000000000001
0.00010999999999999996,0.0032
0.00011039999999999997,0.0024000000000000002
0.00011079999999999998,0.002
0.00011119999999999999,0.0028
0.0001116,0.0008
0.00011200000000000001,0.0008
0.00011240000000000002,0.0032
0.00011279999999999992,0.0016
0.00011319999999999993,0.002
0.00011359999999999994,0.0016
0.00011399999999999995,0.0
0.00011439999999999996,0.0016
0.00011479999999999997,0.0032
0.00011519999999999998,0.0044
0.00011559999999999999,0.006
0.000116,0.004
0.00011640000000000001,0.0036000000000000003
0.00011680000000000002,0.0032
0.00011719999999999992,0.0028
0.00011759999999999993,0.0032
0.00011799999999999994,0.0056
0.00011839999999999995,0.0036000000000000003
0.00011879999999999996,0.0032
0.00011919999999999997,0.0024000000000000002
0.00011959999999999998,0.0008
0.00011999999999999999,0.0012000000000000001
0.0001204,0.002
0.00012080000000000001,0.0016
0.00012120000000000002,0.002
0.00012159999999999992,0.0004
0.00012199999999999993,0.0012000000000000001
0.00012239999999999994,0.0012000000000000001
0.00012279999999999995,0.002
0.00012319999999999996,0.0032
0.00012359999999999997,0.0024000000000000002
0.00012399999999999998,0.002
0.0001244,0.0028
0.0001248,0.0032
0.0001252,0.0028
0.00012560000000000002,0.0048000000000000004
0.00012599999999999992,0.0028
0.00012639999999999993,0.0016
0.00012679999999999994,0.0012000000000000001
0.00012719999999999995,0.0024000000000000002
0.00012759999999999996,0.0036000000000000003
0.00012799999999999997,0.0048000000000000004
0.00012839999999999998,0.0036000000000000003
0.0001288,0.0012000000000000001
0.0001292,0.002
0.0001296,0.0016
0.00013000000000000002,0.0024000000000000002
0.00013040000000000003,0.0016
0.00013079999999999993,0.0036000000000000003
0.00013119999999999994,0.0056
0.00013159999999999995,0.0032
0.00013199999999999996,0.0032
0.00013239999999999997,0.004
0.00013279999999999998,0.0028
0.00013319999999999999,0.0028
0.0001336,0.002
0.000134,0.0024000000000000002
0.00013440000000000001,0.0016
0.00013480000000000002,0.0032
0.00013519999999999993,0.002
0.00013559999999999993,0.0032
0.00013599999999999994,0.0016
0.00013639999999999995,0.0004
0.00013679999999999996,0.0008
0.00013719999999999997,0.002
0.00013759999999999998,0.0024000000000000002
0.000138,0.0044
0.0001384,0.0024000000000000002
0.0001388,0.002
0.00013920000000000002,0.0028
0.00013959999999999992,0.0016
0.00013999999999999993,0.0036000000000000003
0.00014039999999999994,0.0028
0.00014079999999999995,0.0032
0.00014119999999999996,0.004
0.00014159999999999997,0.0028
0.00014199999999999998,0.0024000000000000002
0.0001424,0.0036000000000000003
0.0001428,0.0028
0.0001432,0.0028
0.00014360000000000002,0.0024000000000000002
0.00014399999999999992,0.0
0.00014439999999999993,0.0024000000000000002
0.00014479999999999994,0.0036000000000000003
0.00014519999999999995,0.0016
0.00014559999999999996,0.0036000000000000003
0.00014599999999999997,0.0028
0.00014639999999999998,0.0012000000000000001
0.0001468,0.0004
0.0001472,0.0028
0.0001476,0.0024000000000000002
0.00014800000000000002,0.0032
0.00014839999999999992,0.0032
0.00014879999999999993,0.0036000000000000003
0.00014919999999999994,0.0024000000000000002
0.00014959999999999995,0.0012000000000000001
0.00014999999999999996,0.004
0.00015039999999999997,0.0028
0.00015079999999999998,0.002
0.0001512,0.0032
0.0001516,0.0028
0.000152,0.004
0.00015240000000000002,0.004
0.00015279999999999992,0.0016
0.00015319999999999993,0.0032
0.00015359999999999994,0.0004
0.00015399999999999995,0.0
0.00015439999999999996,0.0024000000000000002
0.00015479999999999997,0.002
0.00015519999999999998,0.0016
0.0001556,0.0028
0.000156,0.0008
0.0001564,0.0004
0.00015680000000000002,0.0008
0.00015719999999999992,0.0012000000000000001
0.00015759999999999993,0.0036000000000000003
0.00015799999999999994,-0.002
0.00015839999999999995,0.002
0.00015879999999999996,0.0032
0.00015919999999999997,0.002
0.00015959999999999998,0.0028
0.00015999999999999999,0.004
0.0001604,0.002
0.0001608,0.004
0.00016120000000000002,0.0036000000000000003
0.00016159999999999992,0.0032
0.00016199999999999993,0.0032
0.00016239999999999994,0.0036000000000000003
0.00016279999999999995,0.002
0.00016319999999999996,0.0012000000000000001
0.00016359999999999997,0.0004
0.00016399999999999997,-0.0004
0.00016439999999999998,0.0024000000000000002
0.0001648,0.0016
0.0001652,0.0032
0.00016560000000000001,0.0032
0.00016600000000000002,0.002
0.00016639999999999992,0.0024000000000000002
0.00016679999999999993,0.0024000000000000002
0.00016719999999999994,0.002
0.00016759999999999995,0.0036000000000000003
0.00016799999999999996,0.005200000000000001
0.00016839999999999997,0.004
0.00016879999999999998,0.0048000000000000004
0.0001692,0.002
0.0001696,0.0036000000000000003
0.00017,0.0028
0.00017040000000000002,0.0012000000000000001
0.00017079999999999992,0.004
0.00017119999999999993,0.0016
0.00017159999999999994,0.0012000000000000001
0.00017199999999999995,0.0012000000000000001
0.00017239999999999996,0.0012000000000000001
0.00017279999999999997,0.0012000000000000001
0.00017319999999999998,0.0008
0.0001736,0.0012000000000000001
0.000174,0.0
0.0001744,0.0004
0.00017480000000000002,0.0012000000000000001
0.00017519999999999992,0.0048000000000000004
0.00017559999999999993,0.004
0.00017599999999999994,0.004
0.00017639999999999995,0.0044
0.00017679999999999996,0.0028
0.00017719999999999997,0.0032
0.00017759999999999998,0.0032
0.000178,0.004
0.0001784,0.0036000000000000003
0.0001788,0.0032
0.00017920000000000002,0.0016
0.00017959999999999992,0.002
0.00017999999999999993,0.0004
0.00018039999999999994,0.0012000000000000001
0.00018079999999999995,0.0032
0.00018119999999999996,0.0024000000000000002
0.00018159999999999997,0.0008
0.00018199999999999998,0.0032
0.0001824,0.0024000000000000002
0.0001828,0.002
0.0001832,0.0024000000000000002
0.00018360000000000002,0.0028
0.00018399999999999992,0.0036000000000000003
0.00018439999999999993,0.002
0.00018479999999999994,0.0036000000000000003
0.00018519999999999995,0.0044
0.00018559999999999996,0.004
0.00018599999999999997,0.0024000000000000002
0.00018639999999999998,0.0032
0.0001868,0.0024000000000000002
0.0001872,0.002
0.0001876,0.0044
0.00018800000000000002,0.004
0.00018839999999999992,0.0024000000000000002
0.00018879999999999993,0.0028
0.00018919999999999994,0.0012000000000000001
0.00018959999999999995,0.0
0.00018999999999999996,0.002
0.00019039999999999997,0.0012000000000000001
0.00019079999999999998,0.0028
0.00019119999999999999,0.0016
0.0001916,0.0016
0.000192,0.004
0.00019240000000000001,0.0024000000000000002
0.00019279999999999992,0.0024000000000000002
0.00019319999999999993,0.0024000000000000002
0.00019359999999999994,0.0016
0.00019399999999999995,0.0028
0.00019439999999999995,0.0032
0.00019479999999999996,0.0044
0.00019519999999999997,0.004
0.00019559999999999998,0.0024000000000000002
0.000196,0.0008
0.0001964,0.0008
0.0001968,-0.0004
0.00019720000000000002,0.0008
0.00019759999999999992,0.0032
0.00019799999999999993,0.0032
0.00019839999999999994,0.002
0.00019879999999999995,0.0032
0.00019919999999999996,0.0012000000000000001
0.00019959999999999997,0.0024000000000000002
0.00019999999999999998,0.0016
0.0002004,0.0024000000000000002
0.0002008,0.0028
0.0002012,0.0012000000000000001
0.00020160000000000002,0.0032
0.00020199999999999992,0.0044
0.00020239999999999993,0.0032
0.00020279999999999994,0.0036000000000000003
0.00020319999999999995,0.0032
0.00020359999999999996,0.0
0.00020399999999999997,0.0024000000000000002
0.00020439999999999998,0.0024000000000000002
0.0002048,0.0036000000000000003
0.0002052,0.0044
0.0002056,0.0028
0.00020600000000000002,0.0016
0.00020639999999999992,0.002
0.00020679999999999993,0.0008
0.00020719999999999994,0.0016
0.00020759999999999995,0.0024000000000000002
0.00020799999999999996,0.0016
0.00020839999999999997,0.0016
0.00020879999999999998,0.0016
0.0002092,0.0008
0.0002096,0.0032
0.00021,0.002
0.00021040000000000002,0.0028
0.00021079999999999992,0.0036000000000000003
0.00021119999999999993,0.0
0.00021159999999999994,0.004
0.00021199999999999995,0.0032
0.00021239999999999996,0.0024000000000000002
0.00021279999999999997,0.0036000000000000003
0.00021319999999999998,0.0028
0.0002136,0.0028
0.000214,0.0024000000000000002
0.0002144,0.0012000000000000001
0.00021480000000000002,0.0032
0.00021519999999999992,0.0048000000000000004
0.00021559999999999993,0.0028
0.00021599999999999994,0.002
0.00021639999999999995,0.0024000000000000002
0.00021679999999999996,-0.0008
0.00021719999999999997,0.0016
0.00021759999999999998,0.0016
0.00021799999999999999,0.0036000000000000003
0.0002184,0.0044
0.0002188,0.0028
0.00021920000000000002,0.0032
0.00021959999999999992,0.0048000000000000004
0.00021999999999999993,0.0024000000000000002
0.00022039999999999994,0.004
0.00022079999999999995,0.0044
0.00022119999999999996,0.0028
0.00022159999999999997,0.0044
0.00022199999999999998,0.0036000000000000003
0.00022239999999999998,0.004
0.0002228,0.0036000000000000003
0.0002232,0.0008
0.00022360000000000001,0.0012000000000000001
0.00022399999999999992,0.0008
0.00022439999999999993,-0.0004
0.00022479999999999993,0.002
0.00022519999999999994,0.002
0.00022559999999999995,0.0012000000000000001
0.00022599999999999996,0.0012000000000000001
0.00022639999999999997,0.0
0.00022679999999999998,0.0
0.0002272,0.0024000000000000002
0.0002276,0.0024000000000000002
0.000228,0.005200000000000001
0.00022839999999999991,0.0048000000000000004
0.00022879999999999992,0.004
0.00022919999999999993,0.0032
0.00022959999999999994,0.0028
0.00022999999999999995,0.0024000000000000002
0.00023039999999999996,0.004
0.00023079999999999997,0.004
0.00023119999999999998,0.0024000000000000002
0.0002316,0.0028
0.000232,0.0024000000000000002
0.0002324,0.002
0.00023280000000000002,0.0028
0.00023319999999999992,0.0004
0.00023359999999999993,0.0016
0.00023399999999999994,0.0
0.00023439999999999995,0.0004
0.00023479999999999996,0.0032
0.00023519999999999997,0.0032
0.00023559999999999998,0.002
0.000236,0.0024000000000000002
0.0002364,0.002
0.0002368,0.002
0.00023720000000000002,0.0028
0.00023759999999999992,0.004
0.00023799999999999993,0.0044
0.00023839999999999994,0.0048000000000000004
0.00023879999999999995,0.0028
0.00023919999999999996,0.0024000000000000002
0.00023959999999999997,0.0028
0.00023999999999999998,0.0012000000000000001
0.0002404,0.0028
0.0002408,0.002
0.0002412,0.0008
0.00024160000000000002,0.0016
0.00024199999999999992,0.002
0.00024239999999999993,0.0012000000000000001
0.00024279999999999994,0.0024000000000000002
0.00024319999999999995,0.0012000000000000001
0.00024359999999999996,0.0008
0.00024399999999999997,0.0008
0.0002444,0.002
0.0002448,0.004
0.0002452,0.0048000000000000004
0.0002456,0.002
0.000246,0.002
0.0002463999999999999,0.0012000000000000001
0.00024679999999999993,0.0012000000000000001
0.00024719999999999994,0.0048000000000000004
0.00024759999999999995,0.0028
0.00024799999999999996,0.0044
0.00024839999999999997,0.004
0.0002488,0.0012000000000000001
0.0002492,0.0024000000000000002
0.0002496,0.002
0.00025,0.0016
0.0002504,0.0028
0.0002507999999999999,0.0028
0.0002511999999999999,0.002
0.00025159999999999994,0.0032
0.00025199999999999995,0.0024000000000000002
0.00025239999999999996,0.0036000000000000003
0.00025279999999999996,0.0036000000000000003
0.0002532,0.0012000000000000001
0.0002536,0.0024000000000000002
0.000254,0.0032
0.0002544,0.0024000000000000002
0.0002548,0.005200000000000001
0.0002551999999999999,0.0044
0.0002555999999999999,0.0036000000000000003
0.00025599999999999993,0.0036000000000000003
0.00025639999999999994,0.0016
0.00025679999999999995,0.002
0.00025719999999999996,0.002
0.0002576,0.0016
0.000258,0.0044
0.0002584,0.0024000000000000002
0.0002588,0.002
0.0002592,0.0028
0.0002595999999999999,0.0024000000000000002
0.0002599999999999999,0.0016
0.00026039999999999993,0.0016
0.00026079999999999994,0.0004
0.00026119999999999995,0.0012000000000000001
0.00026159999999999996,0.0024000000000000002
0.00026199999999999997,0.002
0.0002624,0.0036000000000000003
0.0002628,0.002
0.0002632,0.0016
0.0002636,0.002
0.000264,0.0012000000000000001
0.0002643999999999999,0.0012000000000000001
0.00026479999999999993,0.004
0.00026519999999999994,0.0036000000000000003
0.00026559999999999995,0.0032
0.00026599999999999996,0.0032
0.00026639999999999997,0.0016
0.0002668,0.0024000000000000002
0.0002672,0.0012000000000000001
0.0002676,0.0008
0.000268,0.0032
0.0002684,0.002
0.0002687999999999999,0.0016
0.00026919999999999993,0.0028
0.00026959999999999994,0.0012000000000000001
0.00026999999999999995,0.002
0.00027039999999999996,0.0024000000000000002
0.00027079999999999997,0.0024000000000000002
0.0002712,0.0028
0.0002716,0.0028
0.000272,0.0036000000000000003
0.0002724,0.0056
0.0002728,0.0044
0.0002731999999999999,0.004
0.00027359999999999993,0.0036000000000000003
0.00027399999999999994,0.0024000000000000002
0.00027439999999999995,0.0036000000000000003
0.00027479999999999996,0.004
0.00027519999999999997,0.0036000000000000003
0.0002756,0.005200000000000001
0.000276,0.0032
0.0002764,0.0012000000000000001
0.0002768,0.0008
0.0002772,0.0008
0.0002775999999999999,0.0012000000000000001
0.0002779999999999999,0.0036000000000000003
0.00027839999999999994,0.0016
0.00027879999999999995,0.002
0.00027919999999999996,0.0012000000000000001
0.00027959999999999997,0.0
0.00028,0.0024000000000000002
0.0002804,0.0028
0.0002808,0.0024000000000000002
0.0002812,0.004
0.0002816,0.0044
0.0002819999999999999,0.0032
0.0002823999999999999,0.004
0.00028279999999999994,0.004
0.00028319999999999994,0.0028
0.00028359999999999995,0.002
0.00028399999999999996,0.0004
0.0002844,0.0028
0.0002848,0.0036000000000000003
0.0002852,0.0028
0.0002856,0.0028
0.000286,0.0012000000000000001
0.0002863999999999999,-0.0016
0.0002867999999999999,-0.0008
0.00028719999999999993,0.0012000000000000001
0.00028759999999999994,0.0012000000000000001
0.00028799999999999995,0.0044
0.00028839999999999996,0.0032
0.00028879999999999997,0.0024000000000000002
0.0002892,0.0024000000000000002
0.0002896,0.0024000000000000002
0.00029,0.004
0.0002904,0.0036000000000000003
0.0002907999999999999,0.0028
0.0002911999999999999,0.004
0.00029159999999999993,0.0044
0.00029199999999999994,0.0028
0.00029239999999999995,0.0048000000000000004
0.00029279999999999996,0.004
0.00029319999999999997,0.002
0.0002936,0.0024000000000000002
0.000294,0.0016
0.0002944,0.0016
0.0002948,0.0036000000000000003
0.0002951999999999999,0.0032
0.0002955999999999999,0.004
0.00029599999999999993,0.0012000000000000001
0.00029639999999999994,0.0004
0.00029679999999999995,0.0024000000000000002
0.00029719999999999996,0.0024000000000000002
0.00029759999999999997,0.0036000000000000003
0.000298,0.005200000000000001
0.0002984,0.002
0.0002988,0.0032
0.0002992,0.0036000000000000003
0.0002996,0.0028
0.0002999999999999999,0.004
0.00030039999999999993,0.0016
0.00030079999999999994,0.0016
0.00030119999999999995,0.0028
0.00030159999999999996,0.0012000000000000001
0.00030199999999999997,0.0012000000000000001
0.0003024,0.0036000000000000003
0.0003028,0.0012000000000000001
0.0003032,0.0012000000000000001
0.0003036,0.0008
0.000304,0.0016
0.0003043999999999999,0.0024000000000000002
0.00030479999999999993,0.004
0.00030519999999999994,0.0036000000000000003
0.00030559999999999995,0.004
0.00030599999999999996,0.0028
0.00030639999999999997,0.0028
0.0003068,0.004
0.0003072,0.0036000000000000003
0.0003076,0.004
0.000308,0.0064
0.0003084,0.0028
0.0003087999999999999,0.0032
0.0003091999999999999,0.004
0.00030959999999999994,0.0032
0.00030999999999999995,0.0028
0.00031039999999999996,0.0024000000000000002
0.00031079999999999997,0.0012000000000000001
0.0003112,0.002
0.0003116,0.0016
0.000312,0.0032
0.0003124,0.004
0.0003128,0.0032
0.0003131999999999999,0.002
0.0003135999999999999,0.0012000000000000001
0.00031399999999999993,0.0004
0.00031439999999999994,0.0028
0.00031479999999999995,0.0044
0.00031519999999999996,0.005200000000000001
0.0003156,0.0036000000000000003
0.000316,0.004
0.0003164,0.0032
0.0003168,0.0036000000000000003
0.0003172,0.0032
0.0003175999999999999,0.0048000000000000004
0.0003179999999999999,0.005200000000000001
0.00031839999999999993,0.0016
0.00031879999999999994,0.004
0.00031919999999999995,0.002
0.00031959999999999996,0.0012000000000000001
0.00031999999999999997,0.0004
0.0003204,-0.0004
0.0003208,-0.0004
0.0003212,0.0012000000000000001
0.0003216,0.0008
0.0003219999999999999,0.0032
0.0003223999999999999,0.0016
0.00032279999999999993,0.0028
0.00032319999999999994,0.0028
0.00032359999999999995,0.0016
0.00032399999999999996,0.0012000000000000001
0.00032439999999999997,0.0032
0.0003248,0.0028
0.0003252,0.0048000000000000004
0.0003256,0.005200000000000001
0.000326,0.004
0.0003263999999999999,0.0044
0.0003267999999999999,0.0024000000000000002
0.00032719999999999993,0.0024000000000000002
0.00032759999999999994,0.004
0.00032799999999999995,0.0024000000000000002
0.00032839999999999996,0.0016
0.00032879999999999997,0.0028
0.0003292,0.0008
0.0003296,0.0012000000000000001
0.00033,0.0008
0.0003304,0.0004
0.0003307999999999999,0.0024000000000000002
0.0003311999999999999,0.002
0.00033159999999999993,0.0028
0.00033199999999999994,0.0036000000000000003
0.00033239999999999995,0.0028
0.00033279999999999996,0.0028
0.00033319999999999997,0.0048000000000000004
0.0003336,0.004
0.000334,0.004
0.0003344,0.005200000000000001
0.0003348,0.0044
0.0003352,0.0048000000000000004
0.0003355999999999999,0.0044
0.00033599999999999993,0.0024000000000000002
0.00033639999999999994,0.0032
0.00033679999999999995,0.0
0.00033719999999999996,0.0016
0.00033759999999999997,0.0036000000000000003
0.000338,0.0024000000000000002
0.0003384,0.0016
0.0003388,0.0036000000000000003
0.0003392,0.002
0.0003396,0.0008
0.0003399999999999999,0.0024000000000000002
0.0003403999999999999,0.0024000000000000002
0.00034079999999999994,0.0032
0.00034119999999999995,0.0032
0.00034159999999999995,0.0028
0.00034199999999999996,0.0036000000000000003
0.0003424,0.0028
0.0003428,0.004
0.0003432,0.0032
0.0003436,0.0012000000000000001
0.000344,0.0016
0.0003443999999999999,0.0024000000000000002
0.0003447999999999999,0.0024000000000000002
0.00034519999999999993,0.004
0.00034559999999999994,0.0028
0.00034599999999999995,0.0016
0.00034639999999999996,0.0004
0.00034679999999999997,-0.0004
0.0003472,0.0012000000000000001
0.0003476,0.0044
0.000348,0.0028
0.0003484,0.0028
0.0003487999999999999,0.0032
0.0003491999999999999,0.002
0.00034959999999999993,0.0028
0.00034999999999999994,0.004
0.00035039999999999995,0.0032
0.00035079999999999996,0.0032
0.00035119999999999997,0.0032
0.0003516,0.0032
0.000352,0.0048000000000000004
0.0003524,0.0036000000000000003
0.0003528,0.0032
0.0003531999999999999,0.002
0.0003535999999999999,0.0012000000000000001
0.00035399999999999993,0.0016
0.00035439999999999994,0.0024000000000000002
0.00035479999999999995,0.0028
0.00035519999999999996,0.0036000000000000003
0.00035559999999999997,0.0024000000000000002
0.000356,0.0024000000000000002
0.0003564,0.0032
0.0003568,0.0012000000000000001
0.0003572,0.004
0.0003575999999999999,0.005200000000000001
0.0003579999999999999,0.004
0.00035839999999999993,0.0032
0.00035879999999999994,0.0028
0.00035919999999999995,0.004
0.00035959999999999996,0.004
0.00035999999999999997,0.0036000000000000003
0.0003604,0.0032
0.0003608,0.0028
0.0003612,0.0008
0.0003616,0.0016
0.0003619999999999999,0.0036000000000000003
0.0003623999999999999,0.0032
0.00036279999999999993,0.0028
0.00036319999999999994,0.0028
0.00036359999999999995,0.0
0.00036399999999999996,0.0004
0.00036439999999999997,0.0016
0.0003648,0.0032
0.0003652,0.004
0.0003656,0.0016
0.000366,0.0032
0.0003663999999999999,0.0024000000000000002
0.0003667999999999999,0.0008
0.0003671999999999999,0.0032
0.00036759999999999994,0.002
0.00036799999999999995,0.004
0.00036839999999999996,0.0036000000000000003
0.00036879999999999997,0.0036000000000000003
0.0003692,0.0028
0.0003696,0.0032
0.00037,0.002
0.0003704,0.0016
0.0003708,0.002
0.0003711999999999999,0.0016
0.0003715999999999999,0.002
0.00037199999999999993,0.0028
0.00037239999999999994,0.0028
0.00037279999999999995,0.0028
0.00037319999999999996,0.0012000000000000001
0.0003736,0.0004
0.000374,0.0024000000000000002
0.0003744,0.0008
0.0003748,0.0028
0.0003752,0.0048000000000000004
0.0003755999999999999,0.004
0.0003759999999999999,0.0036000000000000003
0.00037639999999999993,0.0032
0.00037679999999999994,0.0024000000000000002
0.00037719999999999995,0.004
0.00037759999999999996,0.0024000000000000002
0.00037799999999999997,0.0044
0.0003784,0.005200000000000001
0.0003788,0.0036000000000000003
0.0003792,0.0028
0.0003796,0.004
0.0003799999999999999,0.0028
0.0003803999999999999,0.0024000000000000002
0.00038079999999999993,0.0028
0.00038119999999999994,0.0012000000000000001
0.00038159999999999995,0.002
0.00038199999999999996,0.0016
0.00038239999999999997,0.0008
0.0003828,0.0032
0.0003832,0.002
0.0003836,0.0012000000000000001
0.000384,0.0016
0.0003843999999999999,0.0016
0.0003847999999999999,0.0032
0.00038519999999999993,0.0044
0.00038559999999999994,0.0048000000000000004
0.00038599999999999995,0.0044
0.00038639999999999996,0.0028
0.00038679999999999997,0.002
0.0003872,0.005200000000000001
0.0003876,0.002
0.000388,0.0032
0.0003884,0.0028
0.0003887999999999999,0.0024000000000000002
0.0003891999999999999,0.0012000000000000001
0.00038959999999999993,0.0012000000000000001
0.00038999999999999994,0.0
0.00039039999999999995,0.0016
0.00039079999999999996,0.0012000000000000001
0.00039119999999999997,0.0
0.0003916,0.002
0.000392,0.0016
0.0003924,0.0028
0.0003928,0.004
0.0003931999999999999,0.0032
0.0003935999999999999,0.0036000000000000003
0.00039399999999999993,0.0036000000000000003
0.00039439999999999994,0.002
0.00039479999999999995,0.0044
0.00039519999999999996,0.0064
0.00039559999999999997,0.004
0.000396,0.005200000000000001
0.0003964,0.0028
0.0003968,0.0024000000000000002
0.0003972,0.0032
0.0003975999999999999,0.002
0.0003979999999999999,0.0036000000000000003
0.0003983999999999999,0.0028
0.00039879999999999994,0.0004
0.00039919999999999995,0.0012000000000000001
0.00039959999999999996,0.0
0.00039999999999999996,0.0004
0.0004004,0.0032
0.0004008,0.0028
0.0004012,0.0028
0.0004016,0.0024000000000000002
0.000402,0.0024000000000000002
0.0004023999999999999,0.0032
0.0004027999999999999,0.0036000000000000003
0.00040319999999999993,0.002
0.00040359999999999994,0.0024000000000000002
0.00040399999999999995,0.0028
0.00040439999999999996,0.0024000000000000002
0.0004048,0.004
0.0004052,0.0048000000000000004
0.0004056,0.0036000000000000003
0.000406,0.0024000000000000002
0.0004064,0.0008
0.0004067999999999999,0.0016
0.0004071999999999999,0.002
0.00040759999999999993,0.0012000000000000001
0.00040799999999999994,0.0036000000000000003
0.00040839999999999995,0.0024000000000000002
0.00040879999999999996,0.0016
0.00040919999999999997,0.0012000000000000001
0.0004096,0.0008
0.00041,0.0024000000000000002
0.0004104,0.004
0.0004108,0.0016
0.0004111999999999999,0.0024000000000000002
0.0004115999999999999,0.0048000000000000004
0.00041199999999999993,0.0024000000000000002
0.00041239999999999994,0.005200000000000001
0.00041279999999999995,0.0048000000000000004
0.00041319999999999996,0.0032
0.00041359999999999997,0.0036000000000000003
0.000414,0.002
0.0004144,0.002
0.0004148,0.0036000000000000003
0.0004152,0.0032
0.0004155999999999999,0.0028
0.0004159999999999999,0.0028
0.00041639999999999993,0.0016
0.00041679999999999994,0.0012000000000000001
0.00041719999999999995,0.0008
0.00041759999999999996,0.0008
0.00041799999999999997,0.0028
0.0004184,0.0012000000000000001
0.0004188,0.0024000000000000002
0.0004192,0.0028
0.0004196,0.0012000000000000001
0.0004199999999999999,0.0024000000000000002
0.0004203999999999999,0.0048000000000000004
0.00042079999999999993,0.002
0.00042119999999999994,0.0048000000000000004
0.00042159999999999995,0.0028
0.00042199999999999996,0.0028
0.00042239999999999997,0.006
0.0004228,0.0044
0.0004232,0.0044
0.0004236,0.004
0.000424,0.002
0.0004243999999999999,0.0028
0.0004247999999999999,0.0024000000000000002
0.0004251999999999999,0.0032
0.00042559999999999994,0.002
0.00042599999999999995,0.0028
0.00042639999999999996,0.0012000000000000001
0.00042679999999999997,0.0012000000000000001
0.0004272,0.0
0.0004276,0.0004
0.000428,0.0028
0.0004284,0.0028
0.0004287999999999999,0.0024000000000000002
0.0004291999999999999,0.002
0.0004295999999999999,0.0016
0.00042999999999999994,0.0028
0.00043039999999999994,0.0036000000000000003
0.00043079999999999995,0.0024000000000000002
0.00043119999999999996,0.0056
0.0004316,0.0036000000000000003
0.000432,0.0028
0.0004324,0.004
0.0004328,0.0032
0.0004331999999999999,0.0036000000000000003
0.0004335999999999999,0.0028
0.0004339999999999999,0.0012000000000000001
0.00043439999999999993,0.002
0.00043479999999999994,0.0028
0.00043519999999999995,0.0024000000000000002
0.00043559999999999996,0.0024000000000000002
0.00043599999999999997,0.0032
0.0004364,0.0012000000000000001
0.0004368,0.0024000000000000002
0.0004372,0.0016
0.0004376,0.002
0.0004379999999999999,0.004
0.0004383999999999999,0.0048000000000000004
0.00043879999999999993,0.0048000000000000004
0.00043919999999999994,0.0044
0.00043959999999999995,0.0008
0.00043999999999999996,0.0028
0.00044039999999999997,0.0024000000000000002
0.0004408,0.0032
0.0004412,0.0028
0.0004416,0.0032
0.000442,0.002
0.0004423999999999999,0.0032
0.0004427999999999999,0.0008
0.00044319999999999993,0.0024000000000000002
0.00044359999999999994,0.0016
0.00044399999999999995,0.0012000000000000001
0.00044439999999999996,0.0012000000000000001
0.00044479999999999997,0.0024000000000000002
0.0004452,0.0028
0.0004456,0.0044
0.000446,0.0036000000000000003
0.0004464,0.0028
0.0004467999999999999,0.0028
0.0004471999999999999,0.0008
0.00044759999999999993,0.0028
0.00044799999999999994,0.005200000000000001
0.00044839999999999995,0.0032
0.00044879999999999996,0.0032
0.00044919999999999997,0.002
0.0004496,0.0008
0.00045,0.002
0.0004504,0.0024000000000000002
0.0004508,0.0016
0.0004511999999999999,0.0044
0.0004515999999999999,0.0012000000000000001
0.00045199999999999993,0.0024000000000000002
0.00045239999999999994,0.0024000000000000002
0.00045279999999999995,0.0024000000000000002
0.00045319999999999996,0.0028
0.00045359999999999997,0.0024000000000000002
0.000454,0.0016
0.0004544,0.0036000000000000003
0.0004548,0.0032
0.0004552,0.0044
0.0004555999999999999,0.0048000000000000004
0.0004559999999999999,0.0028
0.0004563999999999999,0.002
0.00045679999999999994,0.0024000000000000002
0.00045719999999999995,0.0028
0.00045759999999999996,0.0032
0.00045799999999999997,0.0036000000000000003
0.0004584,0.0024000000000000002
0.0004588,0.0028
0.0004592,-0.0004
0.0004596,0.0004
0.0004599999999999999,0.0028
0.0004603999999999999,0.0012000000000000001
0.0004607999999999999,0.0016
0.00046119999999999993,0.0032
0.00046159999999999994,0.0004
0.00046199999999999995,0.0024000000000000002
0.00046239999999999996,0.0036000000000000003
0.0004628,0.0028
0.0004632,0.0036000000000000003
0.0004636,0.0016
0.000464,0.0024000000000000002
0.0004643999999999999,0.0036000000000000003
0.0004647999999999999,0.0044
0.0004651999999999999,0.0044
0.00046559999999999993,0.005200000000000001
0.00046599999999999994,0.0028
0.00046639999999999995,0.0028
0.00046679999999999996,0.0012000000000000001
0.00046719999999999997,0.0012000000000000001
0.0004676,0.0032
0.000468,0.0028
0.0004684,0.0028
0.0004688,0.0036000000000000003
0.0004691999999999999,0.0008
0.0004695999999999999,0.0016
0.00046999999999999993,0.0028
0.00047039999999999994,0.002
0.00047079999999999995,0.0024000000000000002
0.00047119999999999996,0.0024000000000000002
0.00047159999999999997,0.0016
0.000472,0.0028
0.0004724,0.0032
0.0004727999999999999,0.0036000000000000003
0.0004731999999999999,0.004
0.0004735999999999999,0.0016
0.0004739999999999999,0.0008
0.00047439999999999993,0.0032
0.00047479999999999994,0.0032
0.00047519999999999995,0.005200000000000001
0.00047559999999999996,0.004
0.00047599999999999997,0.0036000000000000003
0.0004764,0.0032
0.0004768,-0.0008
0.0004772,0.0012000000000000001
0.0004776,0.0028
0.000478,0.002
0.00047840000000000003,0.0036000000000000003
0.00047880000000000004,0.0036000000000000003
0.00047920000000000005,0.0028
0.00047960000000000006,-0.0004
0.00047999999999999985,0.0012000000000000001
0.00048039999999999986,0.0016
0.00048079999999999987,0.002
0.0004811999999999999,0.0016
0.0004815999999999999,0.0016
0.0004819999999999999,0.0028
0.0004823999999999999,0.0016
0.0004827999999999999,0.0032
0.00048319999999999993,0.0032
0.00048359999999999994,0.0028
0.00048399999999999995,0.0016
0.00048439999999999996,0.0016
0.00048479999999999997,0.002
0.0004852,0.0044
0.0004856,0.0044
0.000486,0.0028
0.0004864,0.0028
0.0004868,0.0004
0.0004872,0.0004
0.00048760000000000003,0.0032
0.00048800000000000004,0.0016
0.0004884,0.0032
0.0004888000000000001,0.0024000000000000002
0.0004891999999999999,0.0008
0.0004895999999999999,0.0028
0.0004899999999999999,0.0008
0.0004903999999999999,0.0028
0.0004907999999999999,0.0036000000000000003
0.0004911999999999999,0.0036000000000000003
0.0004915999999999999,0.0032
0.0004919999999999999,0.0044
0.0004923999999999999,0.0044
0.0004927999999999999,0.0044
0.0004932,0.0032
0.0004936,0.0024000000000000002
0.000494,0.002
0.0004944,0.0012000000000000001
0.0004948,0.002
0.0004952,0.004
0.0004956,0.0028
